9.988246821794622907e-03
9.990906825550175882e-03
9.940830694502083772e-03
9.954578096100180282e-03
9.919555526735825135e-03
9.918126182793534848e-03
9.840087162461610970e-03
9.838705498015132278e-03
9.678654563231442465e-03
9.713535157300202949e-03
9.568112366907060434e-03
9.670814983993563513e-03
9.494999074869229366e-03
9.519393564245014552e-03
9.414431172745310258e-03
9.467761414188707522e-03
9.330586113870331655e-03
9.435429658209626078e-03
9.251413656139861191e-03
9.323514436238319533e-03
9.365114041335135739e-03
9.418363350726969077e-03
9.420365058862067986e-03
9.426756733317401271e-03
9.297921402907994085e-03
9.321662411124672157e-03
9.009639595697220560e-03
8.858226318017132020e-03
8.985412010143337472e-03
8.951866417010199972e-03
9.071993898807181878e-03
9.052705401920295089e-03
8.386402368005559452e-03
8.379972532287132195e-03
7.352592393575328386e-03
7.548298443607214490e-03
6.705898478117320108e-03
6.533916150458314934e-03
5.030814662065675492e-03
4.980676813740250383e-03
4.773832489181650471e-03
4.671404267332361637e-03
7.818441826120438309e-03
7.675748191785201902e-03
7.067021446347933160e-03
7.116812095738664530e-03
7.540653947196484033e-03
7.417020498073413105e-03
7.789752297741812589e-03
7.433036752221048107e-03
8.397827065900616630e-03
8.187890013790945568e-03
8.295905651340137327e-03
8.098157731102830978e-03
7.887171704543517389e-03
7.585006688803495184e-03
7.530196851440359475e-03
7.048385144603544310e-03
8.130953800004000337e-03
7.669312301967502396e-03
7.956938999097164580e-03
7.022530710048407142e-03
7.817353284397168117e-03
6.488426444822784772e-03
8.120159043036518851e-03
7.076530657128124631e-03
8.242425767665458383e-03
7.996255509322366256e-03
8.196244556709909174e-03
7.646140106284193307e-03
8.111401213740591920e-03
7.694358767536858823e-03
8.664751575015552584e-03
8.367068104862707134e-03
8.944397600795846864e-03
8.635641173155326339e-03
9.587045292987780506e-03
9.238419054126145724e-03
9.446670238362236960e-03
9.074291167161714980e-03
9.984879674913462247e-03
9.983229507944231529e-03
9.896187861812620265e-03
9.897251502765058023e-03
9.831091258228064067e-03
9.864512433349625908e-03
9.442918907754426980e-03
9.566804867463982523e-03
9.508562337054021762e-03
9.596484837530961862e-03
9.577799626721309953e-03
9.628268288059852603e-03
9.314005422509128579e-03
9.431852605373585580e-03
8.969641054803956931e-03
9.165370624260338675e-03
8.423038694713027436e-03
8.487455037999703730e-03
8.662052855664702233e-03
8.920616589559043214e-03
8.939506248814411624e-03
9.208872428289853126e-03
8.893374213138745266e-03
9.016754669695134505e-03
8.581987833678923761e-03
8.320077412409032647e-03
8.816428640686262141e-03
8.682442507191526909e-03
8.370886349725726802e-03
8.480985060250001081e-03
7.475022649548201253e-03
7.748171105421186415e-03
7.321458179922790514e-03
7.169680316106525828e-03
6.517798412511599526e-03
6.687272450440804629e-03
4.704886264712344196e-03
4.537326744054237873e-03
4.034574661017435206e-03
3.860261563853677972e-03
4.073639395079248389e-03
4.060622340894440990e-03
5.350896658571127271e-03
5.299710842416637327e-03
4.257158835108224362e-03
4.162654513397327262e-03
5.584921542379050162e-03
5.252912667457669202e-03
6.980255395937736904e-03
6.516447436685023943e-03
7.791890623704542107e-03
7.269352025519821257e-03
7.152362209997605025e-03
6.907916866920923125e-03
6.759865996755242031e-03
5.713496756248764331e-03
6.248076146910935651e-03
5.635227968912915643e-03
6.729979627655758613e-03
5.306042402549937358e-03
6.290525508176636124e-03
4.585709813873468932e-03
6.860511961728012024e-03
5.132174622450122459e-03
6.637996714566422700e-03
5.884667828472827343e-03
7.057655166652923584e-03
6.588836764597791155e-03
6.854312926711497896e-03
6.398576168436526448e-03
7.441412164535849902e-03
7.081077419794282526e-03
7.702061372981650403e-03
7.335350402995796486e-03
8.387798040033813199e-03
7.901984309607307591e-03
9.114978062695358596e-03
8.907733679163610044e-03
9.539473332465801120e-03
9.570998632834653436e-03
9.911781282389901110e-03
9.931104159349592175e-03
9.772713308848485561e-03
9.836448839725149898e-03
9.472582029376399107e-03
9.587077755675084412e-03
9.377780442533716759e-03
9.526354156915772808e-03
9.536895863505099116e-03
9.634346923423199247e-03
9.207495781194738674e-03
9.403830493996482784e-03
8.986126172834084380e-03
9.254385843969399963e-03
8.339482855544037149e-03
8.585732587580240105e-03
7.618593866781681913e-03
8.031783390150514998e-03
8.337019872087328767e-03
8.637742618830305044e-03
8.260459658465861207e-03
8.336295539017369444e-03
8.092194200721387898e-03
8.025072180679403144e-03
8.330928686204842545e-03
8.154247170542194834e-03
7.816719440188940604e-03
8.115172866811674879e-03
6.823680942726274151e-03
7.465791464500616190e-03
7.073483781225768305e-03
6.997113478071553816e-03
6.346587322924257535e-03
6.404769454418347829e-03
3.094330936338817849e-03
3.030086116281638809e-03
4.147124807882503379e-03
4.200544928826694009e-03
3.266331123668691962e-03
3.142792119300559604e-03
2.552533161384441893e-03
2.388250556169845169e-03
3.077207464088365600e-03
2.785938351562507794e-03
1.927790569797227386e-03
1.620973717695439482e-03
3.580210559571330581e-03
3.460836624021408452e-03
6.106837736228112705e-03
5.726438717418970946e-03
6.479594853119873335e-03
6.001865934028982087e-03
5.154603406941423924e-03
4.918452022222540021e-03
4.889700886369786892e-03
3.638886610956820322e-03
4.893093582907862005e-03
3.567832655978779924e-03
4.392234103624169210e-03
3.329944666010505906e-03
4.496186613325574462e-03
3.271148018170118819e-03
4.331981149113517046e-03
3.117924120389828097e-03
4.886358085136771265e-03
3.853454553476889401e-03
4.925473412160014976e-03
3.448373786270684214e-03
5.463712660647120252e-03
4.313540446072002509e-03
6.618527365539732948e-03
5.779769444048935348e-03
6.561915234062529537e-03
6.005966595061904868e-03
6.997700826682838431e-03
6.310604507030647542e-03
7.774724734724297245e-03
7.598088252263292090e-03
8.798902330641331093e-03
8.753790968494813002e-03
9.797498540958496718e-03
9.834457506947504382e-03
9.416110230508029436e-03
9.563417965504998272e-03
9.370791410897742757e-03
9.512560008957874139e-03
9.107339424494553110e-03
9.426129126098966443e-03
9.204974925635506927e-03
9.420166882662377866e-03
8.780282009519357889e-03
9.085489422080709337e-03
8.143296693902195640e-03
8.486477665537787290e-03
7.513650361263141987e-03
8.116458336026531259e-03
7.881577654359577662e-03
8.393091834373448898e-03
8.087337016625912450e-03
8.323640233024830540e-03
7.587672608214461600e-03
7.581943433309950263e-03
8.000826529038917653e-03
8.067047391957798616e-03
7.444366616394754686e-03
7.781670264408887226e-03
5.880433262477590892e-03
6.744407202822085522e-03
6.012321197177638091e-03
6.091099715370712313e-03
6.074084706078420118e-03
6.321790818724391976e-03
4.791731148765718956e-03
4.897496661176139326e-03
1.538153669535664543e-03
1.927299723053674816e-03
3.767053364139509586e-03
3.778703291968994564e-03
3.781081736673903241e-03
3.963940159145870959e-03
2.189134626948050465e-03
1.882341939146517764e-03
2.492682734453130662e-03
1.614859488204076947e-03
-2.584757070722547853e-04
-3.644385672465040777e-04
2.629813669968430936e-03
2.130326613921905594e-03
4.781788195200910481e-03
4.354447145260688032e-03
4.537143202799695865e-03
3.834566300563695650e-03
3.426940464129349818e-03
2.041498119885397713e-03
3.454908264759247102e-03
2.193022920332221657e-03
3.487602781550066654e-03
3.005676623854237461e-03
2.906713691612888926e-03
1.812494859526882392e-03
1.987318210602127821e-03
1.890450308118651803e-03
3.001714279162847297e-03
6.971967447546123346e-04
4.293616350113361145e-03
3.138859135613448342e-03
3.840809061845727040e-03
2.978476727475945236e-03
5.213970709599209316e-03
3.365330760535364431e-03
6.018376719705492879e-03
4.778214766377212805e-03
4.683270295082146012e-03
4.056590649684933998e-03
6.172249894728355953e-03
5.654247220657431829e-03
7.183237459303259791e-03
6.730280605817185423e-03
8.471363639715460275e-03
8.421330977958637123e-03
9.591437578734103575e-03
9.711844297583292068e-03
9.457233025267266363e-03
9.643099342036109967e-03
9.392276566544786529e-03
9.603490962364250039e-03
9.324005348363912163e-03
9.565870704174934264e-03
9.139565950393155336e-03
9.352849902075839258e-03
8.092397823117861502e-03
8.523122977757370891e-03
7.453440254712289867e-03
8.098588066677622072e-03
7.701108683724569061e-03
8.288763230564617085e-03
8.498406787601713031e-03
8.776458523087147384e-03
8.137328159342200121e-03
8.325794527169392417e-03
7.155667282091592377e-03
7.380608086048147214e-03
6.204984511743200093e-03
6.922748650901393817e-03
5.819433109592229113e-03
6.631438725327647686e-03
6.583750715413727583e-03
6.604189843864249204e-03
6.192282837956124102e-03
6.222796307510782519e-03
4.850349338426334159e-03
5.334322310236103148e-03
4.574828000526207951e-03
4.920351909827497955e-03
1.231129408216228476e-03
1.414616364784464621e-03
2.028871856274299963e-03
2.325517029181551308e-03
1.950892425426875012e-03
1.691967525684196427e-03
1.515870791570689746e-03
8.413759815119172068e-04
1.731422527091322884e-03
1.504296298485097117e-03
-2.402812203357823466e-03
-2.441228646140517107e-03
9.500397038234910949e-04
6.646026137493962803e-04
3.919794940113938836e-03
3.397589762038410576e-03
3.191630738184368654e-03
1.728457222485483462e-03
2.303582762555925288e-03
1.731894460983739344e-03
1.632378890534908486e-03
1.540579245957879101e-03
1.667130035168908975e-03
8.458924518832711429e-04
2.395365676686142010e-03
1.616073612116286033e-03
1.265440450079042449e-03
-2.338637176857795463e-04
1.523104112964196325e-03
6.202177176521341891e-06
3.488026924243004152e-03
1.936690754684833315e-03
3.907224694971487416e-03
3.204534789772811153e-03
4.384561847991372795e-03
3.390673412310475122e-03
5.074638892609882948e-03
3.941980394396018758e-03
5.336718553002882046e-03
3.554027451490185049e-03
5.373296563423020540e-03
4.281953886611510572e-03
6.570055718035177315e-03
6.397574376668309880e-03
8.483043853014418656e-03
8.405797085604465799e-03
9.577493885169808402e-03
9.781267597399466440e-03
9.479202134695462190e-03
9.703729499363607236e-03
9.467222893892068836e-03
9.621040159273855363e-03
9.197297593971816287e-03
9.429945028948925195e-03
8.753027570111201333e-03
8.937285569748846734e-03
7.055838892977546115e-03
7.874537654409695733e-03
7.227185114211606871e-03
7.988051226726796544e-03
7.711116263967646850e-03
8.433005969449181016e-03
7.884547928311471526e-03
8.179721619417650025e-03
7.387571675226071131e-03
7.803520086912869684e-03
5.590319017037615953e-03
6.430590531785170504e-03
3.962523330330222290e-03
5.435138263930158926e-03
5.720253127226314349e-03
6.372611967295705587e-03
5.988856790874063155e-03
6.791692254002664603e-03
6.018710413702238297e-03
5.814264531315564005e-03
4.390614085305766072e-03
5.107975658414181525e-03
3.312214107484203786e-03
3.834339415163093550e-03
-3.533934236651112087e-04
-9.960175647987812590e-05
7.256253842459089954e-04
5.917492529713854052e-04
-1.629354789199337784e-03
-1.783801962406269268e-03
-1.618679932233065520e-03
-1.667416719778606849e-03
-6.362184659498014742e-05
-6.599107085258151557e-04
-2.806006167967016809e-03
-3.310295502312110734e-03
9.873730656702263582e-04
2.228607199478641737e-04
2.446323800570086599e-03
1.720905233852443924e-03
2.374876487215867634e-03
1.361205978999781080e-03
1.278506054237401896e-03
7.689596212463006538e-04
1.682791965971739984e-03
1.759757409242173167e-03
1.130205946445816045e-03
3.515587275429299515e-04
-1.609472597657188254e-04
-1.185774441610633594e-03
-1.599180480348685049e-03
-3.333919512062434847e-03
2.191939726341884541e-04
-1.943062491726442291e-03
1.615896006049107525e-03
3.548331102857819538e-04
2.873953248898625506e-03
1.290346878274942731e-03
3.758790646178192685e-03
2.354387328054627186e-03
4.244479380847792326e-03
3.388937806663887015e-03
4.353105183871473945e-03
3.723590677623340398e-03
4.670958050952996390e-03
3.785871555461076989e-03
6.319381005011340952e-03
6.064628151695279461e-03
7.788358210032878676e-03
7.373010993941075432e-03
9.513594856682178538e-03
9.749868007885168289e-03
9.542623074750242532e-03
9.722187492812763010e-03
9.363251971104885260e-03
9.635064317261746863e-03
9.028163569177584044e-03
9.559912835894517069e-03
8.483752060959774341e-03
8.957601553694840776e-03
7.300644691199073034e-03
8.425658940092757912e-03
7.312660856335900100e-03
8.096108825628414024e-03
7.898283258272227256e-03
8.504935898711353526e-03
7.258423275965534237e-03
7.796997986584910945e-03
6.107762183053257535e-03
7.304596852134286750e-03
4.268879014479567448e-03
5.907542872855631524e-03
4.682052739572175985e-03
6.239718270031871863e-03
5.835510149971990905e-03
7.040748225738005864e-03
5.403121457224919696e-03
6.720127177061894011e-03
5.386590013282429971e-03
5.950144941499552025e-03
3.717036384560903472e-03
5.414802307155672234e-03
6.985292711818719136e-04
2.372210057482865286e-03
-3.569029824795414731e-03
-2.871498343430008062e-03
-2.633544389175346279e-03
-2.184067751161163258e-03
-3.533557230526971314e-03
-3.391810854443362295e-03
-3.758809411868546321e-03
-3.543578815137289617e-03
-2.802948119909323341e-03
-3.155179101953320929e-03
-5.475524094843070740e-03
-5.749950913980493919e-03
-1.166674806684254691e-03
-1.877588699025436623e-03
1.924603109127065231e-03
7.237266981476176819e-04
1.297846503202207402e-03
2.919600206874743199e-04
6.747130229599393588e-04
-4.435967098246129735e-05
1.410403265091199386e-03
3.122691495822540824e-04
6.931568343137990392e-04
-7.520390786027276531e-04
-1.637972333019981942e-03
-2.348861406632350018e-03
-9.959719828541528912e-04
-2.072828549386570608e-03
7.441753556612735673e-04
-1.254992043350840625e-03
2.064132678658471640e-03
4.801937128422336613e-04
2.056560802284037193e-03
-1.220314713999831060e-05
3.144072768505590254e-03
1.188308229786408984e-03
4.336922237637507761e-03
4.026736057958930567e-03
4.911584652544436977e-03
3.730181653191686451e-03
5.953930277930460403e-03
5.221458230823372570e-03
7.305754131432156198e-03
6.947385415065585566e-03
7.929604271962589421e-03
7.510591702281742797e-03
9.696344956858541156e-03
9.853476260324210007e-03
9.703878028672969364e-03
9.860921475003895514e-03
9.526194154558072918e-03
9.779574339710163725e-03
8.881943063964961582e-03
9.526143589066522060e-03
8.068736247035175266e-03
9.028710150349868527e-03
7.695283004239964093e-03
8.813120039332959441e-03
7.634293682225061495e-03
8.512947522106701498e-03
7.858170369576793907e-03
8.464103010362654042e-03
6.054548057588739207e-03
7.055534755337797108e-03
4.752704751482741442e-03
6.856465779356599177e-03
3.979630177365962689e-03
6.368008709800546119e-03
4.162831980029985633e-03
6.644578631885442351e-03
5.480905132044316778e-03
6.607760445617805525e-03
3.497156074125865998e-03
6.156739907700007654e-03
3.281836611668340759e-03
5.544998990591516567e-03
2.765996388301946753e-03
5.980959848700172742e-03
-4.973794436656771636e-04
1.682161767897097848e-03
-4.298849579529069251e-03
-2.970503598799757380e-03
-4.032252693127656891e-03
-1.027061556892720426e-03
-3.343332567428674434e-03
-1.214979656847491258e-03
-2.863100946501284834e-03
-2.329222176645548165e-03
-3.916750606564365668e-03
-3.689249642015505343e-03
-5.282170170313826504e-03
-6.646147618988538196e-03
-2.879655525797691039e-03
-4.786918005432614677e-03
1.106458819919182296e-03
4.147048586070562273e-04
1.286807610538900524e-03
-1.725327362997571207e-04
1.586576780636627087e-04
1.268562508300199228e-03
3.974289030484085298e-04
6.377415978211294512e-04
3.911845439459701217e-04
-2.065966201115205028e-03
-6.322590197865923464e-05
-1.015253553069651741e-03
6.467929584007723557e-04
-6.307813699714798477e-04
1.485679020018252413e-03
-8.511309726772864435e-05
1.777398972126878040e-03
5.383549890528669529e-04
2.265484914135675910e-03
1.257073112747538130e-03
2.724197371423556224e-03
1.741961928644299466e-03
3.725802086989180029e-03
2.996600810258585792e-03
5.785449721793704467e-03
4.113533481251102283e-03
7.940418071567539524e-03
6.917912790042320646e-03
7.836367413998655135e-03
7.323396086238345704e-03
8.400661411252265121e-03
7.784908696551051319e-03
9.682629904611996310e-03
9.898376937508631887e-03
9.457147003998554041e-03
9.770217697717093613e-03
9.316848829042040717e-03
9.679371762525257328e-03
8.685717933830952586e-03
9.480402181766380346e-03
8.139738273713295613e-03
9.393650463055357863e-03
7.731936878435201332e-03
8.926090305449885243e-03
7.713327242433014493e-03
8.727243289516337099e-03
7.367941557424629272e-03
8.456266497977441010e-03
5.043576393692077338e-03
7.060134337207394847e-03
5.659013693145298167e-03
7.639775758777867486e-03
4.049159221748841603e-03
6.935740619025687614e-03
4.637459426982222174e-03
6.928487421568903584e-03
3.683732633171074057e-03
6.339574608417134979e-03
4.247541903908798148e-03
5.592881650655716873e-03
3.010310547336476038e-03
5.997995750697387822e-03
1.559112570218011565e-03
4.530861170820999449e-03
1.745875050427364789e-03
3.825916718865650119e-03
-1.890993094740800809e-03
2.884155417269876863e-03
-1.564961029846741528e-03
3.856365017703289409e-03
1.160653395364848704e-03
4.133254380750167774e-03
3.822173773204912313e-03
2.853948862569480067e-03
5.685828348422288609e-04
-1.812178184536475953e-03
-3.585131267477057512e-03
-5.310053797496780761e-03
-2.642641591112705919e-03
-5.313733787045513135e-03
2.489542993039920338e-04
-1.565748452691621004e-03
1.679265771092260020e-03
-7.515629287252749598e-04
1.291423725688169589e-03
5.237454036384422713e-04
8.713441267832416990e-04
-1.399426471621890251e-03
1.042469639984430546e-03
-1.398041332550777321e-03
1.950607703514469155e-03
5.555808185118770543e-04
1.567741619793524980e-03
4.347088051343779634e-04
1.294749939588902546e-03
3.764688292504615123e-04
3.756881809341803321e-03
1.633930519052413047e-03
3.877059830676207047e-03
2.432570992194241482e-03
3.509749058750911629e-03
2.488294464643710062e-03
4.363031043720657157e-03
2.862078647578882550e-03
6.239303093230557686e-03
5.323810638476786199e-03
6.724173533839182017e-03
6.078744985257395275e-03
7.904121317692776663e-03
7.073923384709713061e-03
9.153638239617425260e-03
8.391498224702410164e-03
9.531380073601427791e-03
9.914972168722238632e-03
9.445807433557936589e-03
9.837762719904481409e-03
9.415502482311906632e-03
9.766041746982461608e-03
8.514956742124286243e-03
9.512742222179277826e-03
8.631429391718379446e-03
9.773263819523588664e-03
7.972631145419845425e-03
9.086750649327852980e-03
7.509599173661568247e-03
8.879649736941868515e-03
6.856316909768759779e-03
8.306799645843710236e-03
5.002902188650334980e-03
7.558996428035258397e-03
5.368806580779402274e-03
7.624977830776966115e-03
5.215895941105721037e-03
7.244397844600076151e-03
3.303069361879145630e-03
6.841956576350888622e-03
3.152052639928356638e-03
6.288468122242890472e-03
1.699515485778954789e-03
6.474556888465226104e-03
1.709020238033395842e-03
4.642996682065838633e-03
2.332026874520463922e-03
5.024709046649986424e-03
3.391154088538049245e-03
5.262564057202831838e-03
3.062810329631277147e-03
6.299673577964578532e-03
6.294995523810776282e-03
1.000632875863613144e-02
5.126484869383659410e-03
7.401793399089180367e-03
6.938918445206433000e-03
5.824439156060651213e-03
5.005544271098021428e-03
4.250554035635931843e-03
-3.763564284559029176e-04
-2.808261928306055120e-03
-6.188028495382410805e-04
-2.706682935438993378e-03
1.420424062298589890e-03
-1.593555080398847870e-04
1.524357132441638224e-03
-1.622719284400651147e-03
9.548102587198451906e-04
-1.761831097512966396e-03
2.858446484664011779e-03
-6.361167505390877947e-05
1.735389903022847196e-03
8.887710666126278540e-04
1.768063045715512812e-03
2.021764128159079816e-03
3.181241409395814575e-03
3.532436606545528990e-03
4.395704182684317604e-03
3.138347625414695391e-03
4.468184405044379158e-03
2.964439510502824178e-03
4.147901755424432922e-03
2.187038374158608699e-03
5.256873730744180892e-03
1.393098953101764778e-03
5.859576013877275218e-03
4.133786607721220106e-03
4.023744917611813895e-03
2.481722303138991781e-03
5.829956117567300367e-03
4.236765393567215252e-03
8.367849907931206033e-03
7.007035254650033698e-03
8.504909291599034582e-03
7.616736719543526143e-03
9.733612393909713001e-03
1.001829908194897326e-02
9.349186327124919815e-03
9.996708459480894288e-03
9.139331368297138117e-03
9.747024482741496049e-03
8.822357256481935806e-03
9.620784477716911448e-03
8.758532577899954749e-03
9.760420579813067904e-03
7.733035642559620178e-03
8.979043365742549881e-03
7.376737084951012768e-03
8.960418137172174169e-03
6.144994533543319745e-03
8.257358425409793562e-03
4.625391261613980877e-03
7.666704310913762498e-03
5.433672727717095419e-03
7.862791198884108018e-03
4.533478237874697010e-03
7.030495864311946119e-03
3.612059226271200057e-03
6.554759781665157360e-03
2.341165638555842404e-03
6.876264620990796966e-03
1.492586524524946003e-03
6.625915917357685057e-03
2.654957609798569602e-03
6.983447439605361060e-03
3.227274305487640854e-03
5.491695238886338225e-03
4.402677552750957658e-03
8.355191032598865974e-03
9.309019837067621789e-03
1.091169646359587894e-02
1.265159834425308091e-02
1.035881201320783263e-02
1.023680814668626038e-02
1.204591834222111871e-02
5.584494179153195494e-03
1.074543323828096135e-02
6.319167121201266571e-03
7.721354143749087004e-03
5.830350935978489794e-03
3.925386750129083308e-03
2.915783365893844653e-03
-1.055666452161041274e-03
1.954271945943920463e-03
-3.824876453866526017e-03
2.367193850049820105e-03
-1.759358216492102386e-03
1.883803777443328331e-03
8.276430636803687891e-04
2.788877173240043340e-03
7.486696702426242972e-04
2.518142234794738896e-03
2.251776717739868499e-04
3.332467838779854582e-03
3.174987962687798610e-03
3.579382634181167526e-03
2.990597642591577392e-03
4.202674849575416087e-03
2.768721302910766378e-03
5.866814090959257197e-03
3.418767425741541487e-03
5.395013943023647604e-03
3.441045873307465187e-03
7.014892728241709126e-03
4.021735625370254086e-03
5.136533816595406296e-03
3.962105215263370117e-03
5.410641228551824923e-03
3.295298128506973182e-03
6.793632879449001440e-03
4.711873245156004975e-03
7.420864302200395023e-03
6.391456908231310692e-03
8.491520686690196690e-03
8.062645481804749104e-03
9.791898533438031862e-03
1.001763787199341608e-02
9.570258669763957726e-03
1.025281514668628831e-02
9.365398161934121099e-03
9.985481823664829962e-03
8.837851560061091988e-03
9.594470782195956352e-03
8.269429207993036005e-03
9.491597648653390604e-03
7.412450768519781782e-03
8.772509660382303912e-03
7.406634682946037010e-03
9.179791819582680881e-03
6.608534518075049116e-03
8.314912944265111239e-03
5.147282622950593439e-03
7.896296116106362936e-03
4.150736786687673693e-03
7.716172271997839491e-03
3.111845671921298351e-03
7.051260010082169641e-03
2.420436208416925413e-03
6.193107600365507087e-03
3.436597141583402990e-03
6.909552007734773120e-03
4.507966624760887525e-03
7.641355695602677738e-03
4.586000323744414756e-03
8.136941005863944712e-03
3.819683427207789476e-03
9.513988933229626521e-03
6.285491483528440199e-03
1.026748629137567807e-02
1.185972010175638351e-02
1.785974029252767811e-02
1.496280118537795904e-02
1.354527061812580389e-02
1.039119470447446084e-02
8.002828726569139947e-03
7.775076310882566774e-03
1.245779888075531326e-02
9.883147270498751982e-03
1.229915122985342397e-02
1.685652368640283560e-02
9.476739703634553050e-03
1.915539364024403460e-02
5.833703127805659264e-03
9.803834533500577902e-03
-1.064419962978679912e-03
3.410753794062393839e-03
-2.403711062975723810e-03
4.341037921756419303e-03
9.119905765269239670e-04
3.005452783285215805e-03
8.180355540565675766e-05
1.958870660703381904e-03
6.234737573933838350e-04
3.645983184826027956e-03
2.390665130597934528e-03
4.815630410664471610e-03
3.393717225970390491e-03
5.470882746684499649e-03
8.681836734355677463e-04
6.295872450617585013e-03
2.711159409612792347e-03
6.117299555733570794e-03
3.612325414691614379e-03
4.684387585361967157e-03
3.184626212824065959e-03
5.500295754802618509e-03
4.024459656535437323e-03
6.842342822377550995e-03
4.455375864806546821e-03
7.635491395111052709e-03
5.993487325728419531e-03
7.296948730051665971e-03
6.549863928339971254e-03
7.329484464099519057e-03
6.543327041234617975e-03
9.945671722356129452e-03
1.007613222101225690e-02
1.001118791653013602e-02
1.041016248961185164e-02
9.538349962140100016e-03
1.012710356984822951e-02
8.405902543287234463e-03
9.467875447746409989e-03
7.911920982340458347e-03
9.075751618136356294e-03
7.224183390517905680e-03
8.763259956343357610e-03
7.555978961965719408e-03
9.232893450638095245e-03
6.994754832991599905e-03
8.332703880342691438e-03
5.844841301845303018e-03
8.689652753494404858e-03
4.052163898773860143e-03
7.830809118654981013e-03
3.457675452098712965e-03
7.746569056076418706e-03
2.932307436617675490e-03
7.153145292093733391e-03
4.992227032400781833e-03
8.137683904538142027e-03
5.507916715305097126e-03
8.229362390115646866e-03
3.111873969837833116e-03
6.477038812277725183e-03
2.946765502095472465e-03
9.529245282654563373e-03
5.318467725965363678e-03
1.266078889169586566e-02
8.811908410827528487e-03
1.642298854990371579e-02
1.280928385197028195e-02
1.960456959104381336e-02
1.176777269684036939e-02
1.087717985686917355e-02
9.735148079808781871e-03
8.495074791354318908e-03
1.585600686558808620e-02
1.403729280858147417e-02
2.204978259130342677e-02
1.103803089225194323e-02
2.152986288383678184e-02
7.375386926328901874e-03
1.319179997000302119e-02
1.355118744244598016e-03
4.381701669664873899e-03
-1.776211799877504922e-03
5.417404515139900151e-03
-7.718561289370168971e-04
5.011524049347081816e-03
1.454843798473701372e-03
2.843615021139790297e-03
2.069598363298550282e-03
2.299892022779589842e-03
1.319151643895961901e-03
4.587722252937993274e-03
1.256277818193459470e-03
7.186740051878109069e-03
2.631092093492502608e-03
7.270697945370047446e-03
3.145757929445377327e-03
5.711127452712654561e-03
3.853208589932622177e-03
3.635162974828163446e-03
1.892211234787929530e-03
6.216246665207461088e-03
4.924313472940249070e-03
8.299453897074085193e-03
6.520842790439219071e-03
8.413091362549434196e-03
7.740774268209861184e-03
7.187171126351836990e-03
6.496558570200104514e-03
7.015485438371027102e-03
6.327905457831910392e-03
9.996143158571087553e-03
1.010824662731177846e-02
1.007641132150535052e-02
1.042134721803542052e-02
9.150546236172712317e-03
9.968266516936271499e-03
8.856271758039184136e-03
9.621107118556468732e-03
7.913621705593667718e-03
9.090804800994866861e-03
7.485050141978960743e-03
9.258476126132978920e-03
7.119729728655809289e-03
9.029759632723904569e-03
6.383745507614451038e-03
8.071577821666309563e-03
6.316698833318658800e-03
8.838586560883418541e-03
4.650825959613414697e-03
8.501715025250631413e-03
3.069405087482246584e-03
8.648510409935777909e-03
4.680524570975475376e-03
9.182765135530030626e-03
6.079414101046971136e-03
9.335407399414071689e-03
5.461267331980757672e-03
8.508098881663771901e-03
3.843362556558461551e-03
8.118266191634169321e-03
3.292727073100625446e-03
9.796328965477647463e-03
6.854727298676263972e-03
1.481489488025901011e-02
1.400557418128209851e-02
2.030892718348389220e-02
1.624303593569542334e-02
2.279522685685486313e-02
1.891504170608124952e-02
2.260267299289763984e-02
2.208377273952769060e-02
1.692615923913453821e-02
2.252359950628205626e-02
1.433691508046123358e-02
3.251766179320759315e-02
1.645784117729592877e-02
2.376500706435434943e-02
9.479627600870722121e-03
1.095408333732565513e-02
2.233053821597549143e-03
7.862411296060051180e-03
2.124085007978308067e-04
6.072749855865860504e-03
2.556653768675664663e-03
6.882442117893594960e-03
2.738322721937699357e-03
5.709391666260000588e-03
2.476459771398134904e-03
4.683654605043940065e-03
1.849212045927135393e-03
4.943033626082529025e-03
1.960139598528844607e-03
5.935975642915677745e-03
2.631579443106071142e-03
5.564657991723164290e-03
3.431421048628867463e-03
5.662840117007855376e-03
4.391697079629661334e-03
5.276210157706664496e-03
3.247641699604762473e-03
6.429041552042151497e-03
4.618124140683944022e-03
8.056195441607204299e-03
7.113785171087429020e-03
8.156865238778529190e-03
7.533676579372935479e-03
7.183746365029665751e-03
6.223629357683937643e-03
7.617354563376772109e-03
6.653882705530177535e-03
1.003202354385656150e-02
1.011124437214996723e-02
9.663466679134874102e-03
1.022486184101322436e-02
8.763174067913222232e-03
9.619081248333424816e-03
8.839495786683873590e-03
9.560402434849448947e-03
7.922045984938995769e-03
9.151349517138543388e-03
7.805625467099116394e-03
9.080874435612923401e-03
7.191716718815045588e-03
9.177248087788679801e-03
6.130288689261383442e-03
8.408713994857347496e-03
6.301339233265961653e-03
8.373971898191284388e-03
4.318707217327742362e-03
7.623966969542069275e-03
5.133475854448996123e-03
9.045435676771939812e-03
5.550198234859736804e-03
9.737166847090996530e-03
6.072968915117844986e-03
1.047148975211149684e-02
5.229177628854090112e-03
8.392128983495700245e-03
3.434764697206515484e-03
7.328096015835991461e-03
5.394414984049882532e-03
1.012808580087173026e-02
1.046260774698952109e-02
1.094442669274957661e-02
1.839583151316755844e-02
1.943509715119153686e-02
2.133419521478315331e-02
2.033888806157514370e-02
2.583967215366938380e-02
2.213916225129989798e-02
3.325146590294823790e-02
1.989817696809874706e-02
2.999262311572919310e-02
1.471703221583180524e-02
3.035131390690374090e-02
1.869349685898527916e-02
2.087719200598212033e-02
1.254449062166942616e-02
1.184848163117342354e-02
6.301305764763919827e-03
9.518170614801455681e-03
2.965050512974840447e-03
8.577585241949211084e-03
5.992495178904140227e-03
7.566224348148643461e-03
4.170068438517633529e-03
6.593116028857844493e-03
2.746223325469594745e-03
5.844993736336264248e-03
1.884488006982129420e-03
6.836038535677755636e-03
3.453614934479389085e-03
5.578511026497380218e-03
3.170067040434322060e-03
3.520810024054926105e-03
1.984773919704452792e-03
5.516527961214750392e-03
3.370868662096641356e-03
4.204734034825738549e-03
2.471495538295888968e-03
6.682387191165774752e-03
5.631162966977452423e-03
6.627135257514944408e-03
5.562713757801778305e-03
6.933288739350200978e-03
5.464143720526175481e-03
6.986062389714115493e-03
5.639359984225150203e-03
8.099706792437107172e-03
7.080441036453826754e-03
9.839843857908000743e-03
1.003738995588173907e-02
9.393603721021217060e-03
9.781763566906609073e-03
7.735229553527730312e-03
8.972384464763330167e-03
7.680285055748923076e-03
8.944868131377179885e-03
7.783011418806705731e-03
9.208536175213458130e-03
7.303950526851950113e-03
8.340033878967579445e-03
7.271992046031237542e-03
9.101791374532250400e-03
6.545196626851831380e-03
8.867370545929571801e-03
5.715213797851621813e-03
9.522291094600473724e-03
3.757289342106012384e-03
8.121086706879995093e-03
5.759308979369344612e-03
8.962309558117062883e-03
4.603093427350297452e-03
9.534648785033666279e-03
4.406695332054380056e-03
8.693301371267111305e-03
3.404873541168046240e-03
8.019818767164135775e-03
2.678179727931165582e-03
7.711794134302004528e-03
6.801706615816438019e-03
1.067026476529995757e-02
9.920084769671438582e-03
1.046118735998294302e-02
1.484219057198260701e-02
1.468431946176615779e-02
1.698061180495556016e-02
1.605655990549055556e-02
1.936353853051427792e-02
1.898255470773347817e-02
3.007599533216031434e-02
2.072690401743603611e-02
2.563264641468008392e-02
1.727351075407797948e-02
2.234772816575359561e-02
1.540163901525101568e-02
1.548011725711392200e-02
9.855798402871722777e-03
1.082853608883575791e-02
6.507234636853729236e-03
8.729174276406816840e-03
7.384430645424137733e-03
1.098856312551646681e-02
9.526215256464151335e-03
1.288940040404946280e-02
7.560662527402993785e-03
8.328639054226014832e-03
4.366846573641930580e-03
8.016172994162341220e-03
2.697827044994234764e-03
6.965162246519574288e-03
4.107133894478912604e-03
5.825464632056057482e-03
4.066256046899633346e-03
3.660633024388863701e-03
3.298590140064651399e-03
6.245233145286841793e-03
4.743144497426360871e-03
6.452712025139446285e-03
4.402730455955487440e-03
8.240077964230912294e-03
7.976652499764145740e-03
7.742057360226562227e-03
6.945619292605714062e-03
7.687518564290739091e-03
6.894391876108472809e-03
7.882147860002620271e-03
7.341731579126581538e-03
8.979649620533563040e-03
8.602333191861360334e-03
9.803852841286439870e-03
9.906003694198285692e-03
9.256982212609118216e-03
9.603824817356543947e-03
8.572058889156431230e-03
9.807020181339063183e-03
8.107965580160789165e-03
9.205506511802281563e-03
6.001344043269012975e-03
8.199487438972974385e-03
6.622987397324280566e-03
7.833744289364334701e-03
7.317145778894356724e-03
9.214439827142343817e-03
6.032372178246497678e-03
9.397865885572179862e-03
4.431625775951763581e-03
8.268359806400242887e-03
3.434173865958587389e-03
7.284366114745426286e-03
5.510780867205965737e-03
9.546797018664638507e-03
4.264584588190993390e-03
8.196060502900819750e-03
3.165735594177661750e-03
6.894692434104820675e-03
2.223567198631916982e-03
8.200313036979900785e-03
3.764949927881540773e-03
7.167383251793189858e-03
7.544811677145523907e-03
1.036764332896810727e-02
9.488453095091655895e-03
1.132427099405146874e-02
1.281640669056354105e-02
1.402619027491598322e-02
1.195497447997102142e-02
1.541559941842824029e-02
1.493213647037613771e-02
1.702168064524311325e-02
2.026938037395890554e-02
1.906925347102840160e-02
2.266797334243049467e-02
1.801037109788082222e-02
2.391369766883714998e-02
2.001587242665282818e-02
1.546747684452300271e-02
1.135007724843619878e-02
8.682217477930739141e-03
6.570333891771845854e-03
9.772539222437700429e-03
8.207820985832959756e-03
1.329526687131951310e-02
1.064827588638270726e-02
1.492142254454746457e-02
1.049604507992635098e-02
1.281243334424600998e-02
8.942645487231472984e-03
8.142529706963172811e-03
4.747040679904532962e-03
4.722113936207608838e-03
7.871053858823622712e-04
4.989329479221972681e-03
3.143648368344072012e-03
4.989562581668015306e-03
2.924048846882522281e-03
6.852810491370319411e-03
5.732020685112696606e-03
7.063583665812994163e-03
5.207667818277676546e-03
8.546862297405564274e-03
8.143627230881305898e-03
8.416255925985648492e-03
8.446672221752330595e-03
8.248571088634500462e-03
8.070374325923154735e-03
8.491054632700731700e-03
7.136812114087195610e-03
9.525139597939460273e-03
9.268303019728170791e-03
9.155526484643390292e-03
9.424459469373982004e-03
9.369570716395320478e-03
9.748398689377029552e-03
8.915455117544711025e-03
9.776434691207197894e-03
8.559723229055026666e-03
9.448205526055620390e-03
7.099721814762304309e-03
8.636881108148201230e-03
6.132824562208387745e-03
7.600093919475870048e-03
5.689871116958457667e-03
8.746547725119404107e-03
5.502037061138967573e-03
8.843576414649832393e-03
5.226782557269755644e-03
8.244521089637760203e-03
4.310947217958124508e-03
7.930562935866379559e-03
4.342324360764949868e-03
7.158531794066067336e-03
2.608670541950156626e-03
8.212250738050406312e-03
4.064278122087162590e-03
8.507844075609118442e-03
4.585375498396591400e-03
9.543216380795461334e-03
5.216321021739099562e-03
7.224229932803648106e-03
7.462750269427672646e-03
1.002663854218192006e-02
6.732593799397070498e-03
9.976050691775100940e-03
1.085876651581970699e-02
1.328841254028359856e-02
1.069999935553192158e-02
1.260486646232793738e-02
1.496969207047716723e-02
1.595401291927399032e-02
1.667924606172287508e-02
1.693491396881890293e-02
1.923573628238902863e-02
1.713132987059070092e-02
2.247096517152284006e-02
2.132423133950998168e-02
1.863406541796666302e-02
1.633830935691179057e-02
1.297317760224990686e-02
1.122492817427184902e-02
1.460681103812301769e-02
1.057943237657727083e-02
1.640355770214754760e-02
1.339802275477323945e-02
1.494413812530415338e-02
1.267856845418422265e-02
1.308416119435074770e-02
9.922018545909992021e-03
8.037239258581933485e-03
4.050851441355631140e-03
4.971591994386783883e-03
3.003394766052996153e-03
5.711395798161944710e-03
3.368833908908665676e-03
5.812782978129604934e-03
2.972121088956030787e-03
8.068502127247747027e-03
5.333642489353654370e-03
7.941443548409391970e-03
5.808063182351908341e-03
8.014505104881100225e-03
7.458588489707148467e-03
8.414623670358323954e-03
7.965469436044425589e-03
8.543395388236788707e-03
7.622703042393963978e-03
8.662651742514378486e-03
7.153637226810451513e-03
9.696977888761698638e-03
9.386234948481538345e-03
8.732966891354951647e-03
9.153348947639155034e-03
8.858587621606371643e-03
9.432612396930615054e-03
8.307098875676738325e-03
9.129429546829149339e-03
9.252163832467415194e-03
9.518354375100342851e-03
7.805030361690990653e-03
9.048056580950413277e-03
5.823905158616081955e-03
8.185110141734060901e-03
4.994118937628667931e-03
8.727131919613670755e-03
4.831474757022923179e-03
8.766013536332049536e-03
5.736973742464242243e-03
8.001521073467252401e-03
4.640336659265192898e-03
7.234634408438700599e-03
4.890828909093252776e-03
6.914810421385389656e-03
2.829822228330985696e-03
7.252543594199014829e-03
5.829680331658797926e-03
9.208058949456561851e-03
8.315516610120003357e-03
1.084705831636666867e-02
7.809991810928295503e-03
9.596793351803108510e-03
6.825129341352890490e-03
9.233487905496724768e-03
5.410791372094990101e-03
8.550829255199012338e-03
1.001253865873043096e-02
1.155143446399099251e-02
1.046606917277367703e-02
1.408071738697078655e-02
1.370180848518612847e-02
1.649697895833617325e-02
1.665721890795121909e-02
1.855875750835766363e-02
1.458257885610778765e-02
1.557036695891337967e-02
1.722422724004563782e-02
1.998197673123274995e-02
1.669110075463876852e-02
1.877357267920723091e-02
1.716375967956064105e-02
1.714216219587758397e-02
1.779484320923675755e-02
1.390288433494164290e-02
2.051988698363423069e-02
1.664366073776698748e-02
1.689625973362448089e-02
1.398259614524138481e-02
1.271601336681813833e-02
1.081903089082922320e-02
9.296487078679452690e-03
5.917574633181793553e-03
7.866650832164595250e-03
5.096197680196379483e-03
6.884296601514931432e-03
3.452803974336717159e-03
6.148900024331494830e-03
2.729127711016947604e-03
9.146637678283482328e-03
5.728932258191899232e-03
7.506271076608886893e-03
5.681692465712325814e-03
7.794724289952752183e-03
7.073916150945470938e-03
8.362472127390564378e-03
7.946187725005243729e-03
7.706256321289472327e-03
5.936025702829155273e-03
8.619793057043172863e-03
7.366943988364904605e-03
9.778142939409515538e-03
9.591552459145755855e-03
9.443526790190084202e-03
9.640204345290186508e-03
8.412745361288734292e-03
9.085883486571261908e-03
7.883336043254161873e-03
8.674100722543416284e-03
8.132563241997618764e-03
8.813007930232513720e-03
8.114515508842966990e-03
9.687816401230286978e-03
5.767510788972691864e-03
8.746720394571328230e-03
3.811255059028772259e-03
6.852259058865019931e-03
3.667297331135809663e-03
6.406587480621043010e-03
5.409019930190176774e-03
8.323455926873923535e-03
5.604531908935107137e-03
8.529142832907763566e-03
7.099457680855877743e-03
1.059610707286947132e-02
5.097849529806190022e-03
8.317232771528754870e-03
5.028628070099550561e-03
7.305251197524975995e-03
7.598368228411110648e-03
9.087872852523871253e-03
6.769778838956434439e-03
8.726861547157632390e-03
6.475267373345527065e-03
9.110035950651051637e-03
5.813385980960476818e-03
9.385580804901368784e-03
1.215939819017871661e-02
1.493298564593629682e-02
1.228431332529828120e-02
1.538362772273886916e-02
1.727079662689792738e-02
1.969930893802090272e-02
1.709723410665883042e-02
1.952331610262843242e-02
1.396346099422270115e-02
1.688965249116032227e-02
1.841658500220062777e-02
2.177396858735513793e-02
1.720336015715653519e-02
1.857804976789546522e-02
1.938214807239690626e-02
1.815327182475359735e-02
2.002061186943871612e-02
1.854018770981469277e-02
1.693113165319204763e-02
1.669410476882292327e-02
1.365478463980963897e-02
1.210420938690319297e-02
1.234410983266222457e-02
1.115841397035482845e-02
1.067804188180002459e-02
8.843637018711486900e-03
9.609357869638806074e-03
5.089814623677985789e-03
7.160006595766751913e-03
3.234927231795027905e-03
6.660238181087995910e-03
3.147872023678106260e-03
7.194362182103992628e-03
4.416020141998088303e-03
6.465102293855285072e-03
4.974734131951507633e-03
8.237297805028503256e-03
7.821955749044998130e-03
8.815765085291020486e-03
7.579244660740815966e-03
6.220376605687490297e-03
5.109011902294596785e-03
8.367426918385463888e-03
7.592173292870331089e-03
9.950502932415497201e-03
9.465366678186334579e-03
9.413887313189827494e-03
9.601561287199402925e-03
8.788161787202382336e-03
9.182310716570066256e-03
7.416840355696351778e-03
8.309910180855776748e-03
6.715971955063858995e-03
8.058170377372714591e-03
6.830217871980458731e-03
8.902537917625198347e-03
4.605335814689468128e-03
8.156320352111934985e-03
3.982395306964061493e-03
5.988798644465096778e-03
2.561526041582683211e-03
6.153366498593475058e-03
6.266235222267655010e-03
7.553639751499024481e-03
7.662554839807941311e-03
1.179164665512179300e-02
7.088587207877612185e-03
1.016723577586889707e-02
4.406517661315241703e-03
8.086760518811525120e-03
4.815162490029173056e-03
7.209251027947398589e-03
3.514417462194626036e-03
7.223358011766127171e-03
5.537529052996172790e-03
9.305418732383054572e-03
5.916624014288014016e-03
1.147237983595482923e-02
9.157994668094346369e-03
1.167630114805852382e-02
1.368221557199772280e-02
1.686476406282333071e-02
1.542108707467098640e-02
1.749289795488316243e-02
1.808821861866586125e-02
1.907825629538023246e-02
1.950989247275069019e-02
2.134412680215869509e-02
1.617939511693157820e-02
1.835706869943193320e-02
1.880413179070664423e-02
2.093512590718266814e-02
1.699801982165520878e-02
1.950366867984075492e-02
1.753814891642896737e-02
1.938650301951126698e-02
1.760232873503962334e-02
1.747310822175238490e-02
1.593234206123601837e-02
1.429562537851839822e-02
1.231567041131463244e-02
1.171386310949378354e-02
1.312616496772313693e-02
1.082802936283429329e-02
1.130923994039286645e-02
7.308318743324218429e-03
9.204367197958486166e-03
6.227033790227784124e-03
8.483059136416356769e-03
4.796273692034946912e-03
4.977180237640789311e-03
2.000936641888602201e-03
6.023637868055061080e-03
3.622066484091842307e-03
6.211409787485826749e-03
4.822891242317202051e-03
7.019208914003220202e-03
6.604912987047802976e-03
7.173100952431846894e-03
6.119637628889834126e-03
6.109130675279494591e-03
5.107182929065892836e-03
6.760637000917950508e-03
5.395785329156630068e-03
9.202453637076470766e-03
8.790324844657830192e-03
9.997848485629312956e-03
9.998544511756145975e-03
9.434881990311852484e-03
9.622312280060203379e-03
7.612255746807938470e-03
8.521900815481363647e-03
7.017262912324777162e-03
8.413646881153995574e-03
5.290272658955068839e-03
8.103564414667439875e-03
6.201404530267400940e-03
9.090532243724552819e-03
5.214830098968638999e-03
6.893002857992653991e-03
3.474215283222739214e-03
8.318888442033359545e-03
5.575042616405141878e-03
9.100741790501444550e-03
6.429389773309656525e-03
1.064375875473859770e-02
6.851415937302490419e-03
1.097963361879280425e-02
4.690462802021190189e-03
8.553141395250787177e-03
4.486593140358779812e-03
9.303372386816444184e-03
3.981201266372468538e-03
9.362910721375378165e-03
7.858729501898052694e-03
1.196409575322821689e-02
1.093233748459688896e-02
1.516594613792774347e-02
1.202847216433544468e-02
1.439757445618948008e-02
1.574339097790838568e-02
1.782888734482333121e-02
1.659639832063940224e-02
1.708107353724635721e-02
1.761592043701803306e-02
1.785403155664180147e-02
1.948215884567662190e-02
2.045359902817788650e-02
1.636512940152583598e-02
1.769073317073344143e-02
2.007822787879333382e-02
2.081284211224169664e-02
1.861292360276163571e-02
1.844303830823400270e-02
1.519623044273130455e-02
1.605880770364858517e-02
1.350724768526713471e-02
1.363271503671731853e-02
1.548034797374674143e-02
1.398571853102333756e-02
1.420770267214172163e-02
1.297724046178003188e-02
1.303483741078825982e-02
1.041560333270205065e-02
8.999723408948520284e-03
6.261291036820182745e-03
9.031627544073892247e-03
7.112796428934410782e-03
8.370430304012022038e-03
5.476218775615792657e-03
8.256504467289520893e-03
4.538130801610587399e-03
9.707190912433336441e-03
7.221402526257099559e-03
3.301319586302230331e-03
1.370326474036301801e-03
4.259447280732579950e-03
3.267308698194421566e-03
5.443325100166074813e-03
5.412905532477506505e-03
5.242351693604443107e-03
4.112682019660720417e-03
7.442059640895703695e-03
5.869658753255927938e-03
8.172718427662161583e-03
7.805683630120862498e-03
1.000000000000000021e-02
1.000000000000000021e-02
9.636318326398966502e-03
9.821375128945184635e-03
8.244642257177053901e-03
9.239290039737231564e-03
6.279089281991854198e-03
7.873395600697035562e-03
7.158784429285251077e-03
7.636706650620482019e-03
7.592857792820602303e-03
1.149984645741723537e-02
7.846743452776252029e-03
1.100274951090890463e-02
5.190674040891931490e-03
9.551607661539816135e-03
4.863593345109444750e-03
7.891723166826992986e-03
4.687887831331936407e-03
8.353609402936864117e-03
8.296923821127514392e-03
1.173860819715058512e-02
6.039608474079576073e-03
1.167381906055224225e-02
6.260590444320126603e-03
1.155972391556805631e-02
7.847329648313227865e-03
1.203608639946454791e-02
1.079369702020747772e-02
1.418810851556353420e-02
1.349017775453736911e-02
1.593285644486321095e-02
1.389712907460917413e-02
1.539938792136428050e-02
1.797107874865794958e-02
1.851470115731766036e-02
1.711324322797329323e-02
1.736057148156621918e-02
1.814752628077832830e-02
1.827900842475369686e-02
1.916490385116372333e-02
1.943537003690375131e-02
1.765069357570008685e-02
1.773409832608796588e-02
2.128269205135729578e-02
2.131335821649057993e-02
1.786111871885372876e-02
1.714114535380399998e-02
1.272897431284858265e-02
1.253619562045892900e-02
1.266380331374526540e-02
1.257481038862338571e-02
1.296885223336582786e-02
1.262429989864741371e-02
1.375779961069467823e-02
1.179417777741692368e-02
1.312202251623281919e-02
1.096068718379930758e-02
9.840712091143380760e-03
6.304246791536998601e-03
8.898538219038678795e-03
5.811753282312708165e-03
1.017151136720953128e-02
8.068991739023277654e-03
1.243965842787518941e-02
9.417467578786999777e-03
1.041940392609031450e-02
8.340905322544131181e-03
3.959306206002463462e-03
2.636270118627307649e-03
2.692845570177137410e-03
8.945009933061589006e-04
3.532197681724789842e-03
2.965144802889953159e-03
4.983565717795086954e-03
4.058966715743585717e-03
7.452535423171637204e-03
5.903606768437421812e-03
9.037054402986731752e-03
8.780012450946379429e-03
1.000000000000000021e-02
1.000000000000000021e-02
9.559971283502093770e-03
9.828136380881855039e-03
8.430457645701459890e-03
9.350535338245665948e-03
7.536589780883583278e-03
7.547120782350772751e-03
8.419172314097438103e-03
9.307190396243130229e-03
8.347729028857867398e-03
1.011310944072148915e-02
9.594535171268790338e-03
1.368009068708283919e-02
7.137359433363643819e-03
1.204729992085850319e-02
5.702361123319257125e-03
7.419006190427585717e-03
4.569038378636509391e-03
8.878498747248088352e-03
7.849980169310977890e-03
1.152904722091039474e-02
8.537448221134041199e-03
1.301502589324662375e-02
8.799423340121216575e-03
1.411623037830786638e-02
1.096696786135503698e-02
1.450500512384718561e-02
1.226067041775044664e-02
1.394752214872921163e-02
1.286714540157158151e-02
1.428762356075740682e-02
1.360847715093027425e-02
1.406965362942587915e-02
1.796492359244297038e-02
1.856020202952309017e-02
1.786111311762016846e-02
1.842111029825738502e-02
1.856058572213573760e-02
1.884143163136000124e-02
1.950728978866035287e-02
1.949015261388795106e-02
1.844184751997577504e-02
1.827224483482163195e-02
2.232902553051275066e-02
2.208714997314613349e-02
1.640685311273999691e-02
1.576928589383316121e-02
1.152384478526193717e-02
1.056647063077266989e-02
1.234124652709867910e-02
1.131996040414187839e-02
1.198268874486117797e-02
1.043389546308789648e-02
1.267513414229037849e-02
1.052614519899412217e-02
1.464121758286890049e-02
1.172919603561131847e-02
1.058323890155266067e-02
7.668867749336374419e-03
9.711293039774738373e-03
6.905553374975158601e-03
9.525310350456154054e-03
7.142744843312997909e-03
1.159729491900404579e-02
8.554087915732403249e-03
1.116683519293312256e-02
8.403461694576333171e-03
6.850024630399558639e-03
6.303003656203638901e-03
6.063807503573524077e-03
3.946482664669528906e-03
3.109911327244128422e-03
2.954667656332777420e-03
3.704135130455311377e-03
1.935009680418934858e-03
6.576030680350499098e-03
5.138607908692849162e-03
8.393858285141147374e-03
7.851126426897231045e-03
1.000000000000000021e-02
1.000000000000000021e-02
9.686602270406959730e-03
1.002921402678591187e-02
8.877799910358915442e-03
9.770866804290585100e-03
8.741836529805660505e-03
9.455299047890606753e-03
7.737714123876293475e-03
7.871579700802971286e-03
7.205222694313615124e-03
8.957967772500378609e-03
7.711540767153530172e-03
8.451775429663637915e-03
7.392383492571964754e-03
1.152738126694831736e-02
5.446033705333459471e-03
1.041349676843044206e-02
6.661375843750352334e-03
1.014384612777852884e-02
7.948658010027333937e-03
1.025406556637567523e-02
8.058407665495020272e-03
1.224667826773477401e-02
1.176632500703406886e-02
1.530955679569753237e-02
1.306485265815356123e-02
1.489142098544798433e-02
1.164421701499162611e-02
1.288441740889251230e-02
1.182176125016503113e-02
1.242610089663262127e-02
1.294504602020864550e-02
1.328244355219209208e-02
1.847407295685402767e-02
1.885462074431545204e-02
1.710142353577299643e-02
1.763678567780418635e-02
1.859386222627367261e-02
1.872708933766590103e-02
1.928041141739252409e-02
1.933079934839177297e-02
1.879506646337861242e-02
1.863750698454166160e-02
2.237648890141839125e-02
2.204416189830506884e-02
1.535701864069611254e-02
1.484461419879573238e-02
1.082631004689679419e-02
9.930928866765663041e-03
1.229729100411237550e-02
1.080639332137926095e-02
1.171787505190388830e-02
1.008341356399860417e-02
1.259403750958878847e-02
1.087759644135317602e-02
1.244823954614505436e-02
1.084300691385067621e-02
1.258492544816736114e-02
1.066350845719680855e-02
1.288072389539955155e-02
1.041429953838996988e-02
8.921671211969416787e-03
6.670254169555083108e-03
7.559905944345367973e-03
4.944588638436103224e-03
1.146906168997538673e-02
8.572097808033146346e-03
8.772591948143870430e-03
7.244974147791244899e-03
9.621051537700849379e-03
8.364764236209683984e-03
4.726133430695823173e-03
3.917041995636780065e-03
3.438224422328478753e-03
2.151755898669032840e-03
4.650218916613399998e-03
3.272446042594999178e-03
7.398540939561910369e-03
6.806525800068935483e-03
1.000000000000000021e-02
1.000000000000000021e-02
9.704094551228481177e-03
9.977267842930480357e-03
8.715443759492158202e-03
9.632111564270956841e-03
8.325267280843550582e-03
8.596546519728607422e-03
7.631483843699311473e-03
8.819924617516870791e-03
6.244478035488404237e-03
7.232082914092762341e-03
5.939955936359225634e-03
7.160835110809623573e-03
5.308659034433681027e-03
8.969627100723184115e-03
7.096538089274381615e-03
1.085139477751769811e-02
8.477046860031402231e-03
1.174739452516618265e-02
9.680510426140888011e-03
1.248891587245305919e-02
1.067743473342203271e-02
1.346726391571006175e-02
1.156209632469971244e-02
1.362392205211322357e-02
1.281622296380448972e-02
1.359027431479694487e-02
1.180253440529631902e-02
1.247183105556818813e-02
1.140067886093663191e-02
1.190087980119941199e-02
1.195948088024966112e-02
1.231704158113104165e-02
1.570315184608435388e-02
1.617146788777972313e-02
1.665887885336947774e-02
1.693286165827997264e-02
1.916611650423954635e-02
1.918498927771748741e-02
2.052328515958351876e-02
2.043292950478580242e-02
1.659021604576974354e-02
1.645640395868640943e-02
2.042166422710285645e-02
1.993306809228337709e-02
1.388453299278142282e-02
1.320756669433685582e-02
1.052088001226285374e-02
1.005272594077624877e-02
1.198494190612309739e-02
1.018793997647040976e-02
1.138509111193875857e-02
9.968124113866484032e-03
1.099295734927839205e-02
9.493553417499450003e-03
1.177369621670310527e-02
1.055762437917386921e-02
1.370829587602967296e-02
1.171824462671774286e-02
1.330374662582413034e-02
1.073205274468328266e-02
9.239886784482155557e-03
7.023740571884560212e-03
9.058354172711509389e-03
6.821664524246347575e-03
9.731477571454871800e-03
7.265553851428894518e-03
9.571197736680652282e-03
8.290476806908655960e-03
1.028526424452739195e-02
6.242846158008661522e-03
4.208789669568393024e-03
4.092623830479193321e-03
2.742718300424883213e-03
6.339951703340300200e-04
4.826134480302091655e-03
4.255167084968602270e-03
7.804090196288052290e-03
7.188506195846935780e-03
9.997275374737765036e-03
9.905429378189500866e-03
9.747790230374201587e-03
9.918194881492675696e-03
8.403078730959606668e-03
9.634449633042774241e-03
8.040499569864304613e-03
9.345723607994516069e-03
8.492962984027440862e-03
9.930940618514997112e-03
5.196012259046894032e-03
8.607551892144890693e-03
4.586141802340235225e-03
6.846413108325371220e-03
9.598124731585328320e-03
1.186604214486141479e-02
1.078100938171375027e-02
1.247642243573418401e-02
1.129684172334834667e-02
1.445429095744989005e-02
1.046164809860710733e-02
1.249967744826576375e-02
1.088091965505476495e-02
1.211337668570276402e-02
1.178713826600592644e-02
1.271176657092936563e-02
1.195534378133438456e-02
1.280872493322888009e-02
1.167683580730047993e-02
1.239532510990375841e-02
1.117380363709145896e-02
1.171108620789765124e-02
1.132827882298749825e-02
1.175104358617881303e-02
1.446696981051379463e-02
1.469919779524797576e-02
1.526605192975877268e-02
1.541430348801700254e-02
1.945881411554063745e-02
1.955313570198499371e-02
1.969539301908931547e-02
1.983732181117466714e-02
1.624189799015163596e-02
1.576259326352775353e-02
1.916526471562302394e-02
1.869650465314703219e-02
1.326911982300511134e-02
1.225934451608502382e-02
9.161978693356588599e-03
8.105945462646131291e-03
1.140628918493359796e-02
9.090097656022132558e-03
1.107749592271217894e-02
8.765091150154294408e-03
8.755725521933677494e-03
7.871987075622918079e-03
1.200342760366589732e-02
1.031934181308931907e-02
1.249521216647971750e-02
1.053655691779542894e-02
1.476110001378983655e-02
1.138069331476799194e-02
1.078929204476290239e-02
9.599035639695639027e-03
9.720231678573157050e-03
7.461740678619026117e-03
8.413313774173760209e-03
5.817605092837681117e-03
5.221520816392506009e-03
3.775440224128765159e-03
8.169634367989359741e-03
4.432282711211500345e-03
8.765846771893572378e-04
-2.029307154433106219e-03
-6.880178480266259953e-04
-4.182220615750945406e-03
5.292930032558849224e-03
4.002938906370037339e-03
6.873132228648251053e-03
6.160995009933500910e-03
9.865538630062420725e-03
9.763675999388873178e-03
9.438756024126389657e-03
9.629844978142091880e-03
8.009141519935088910e-03
9.402909085768408962e-03
7.590182658185821822e-03
9.464575103917757457e-03
5.933971514090480813e-03
9.015687216067257495e-03
9.244630092250651771e-03
1.072177116403335607e-02
9.922773756036991008e-03
1.159176945835083648e-02
9.992816594008822884e-03
1.179259425689407892e-02
1.215154473008701018e-02
1.573585776368952027e-02
1.151166090431592591e-02
1.323037360576768441e-02
1.122508837632373371e-02
1.275785153123043178e-02
1.046134352696758557e-02
1.161364928433858239e-02
1.110598492188993175e-02
1.185446374247372918e-02
1.181861876356604321e-02
1.242135706533260657e-02
1.093447108885350211e-02
1.138424904265707138e-02
1.091046155125690274e-02
1.130617641272264363e-02
1.148408557177872831e-02
1.167888664273127389e-02
1.505930333406301988e-02
1.510947281140469223e-02
1.483647275805678734e-02
1.495546827532645562e-02
1.971926086830579419e-02
1.978863850213058440e-02
2.016438864467465231e-02
2.001202526427511494e-02
1.555564710311136724e-02
1.504001852698354930e-02
1.810139235479734168e-02
1.774083010289565637e-02
1.238597493676682655e-02
1.151537233043535211e-02
1.038874603437869339e-02
9.381794471840922828e-03
9.278435261009517626e-03
7.953906428142028945e-03
1.025197197049504579e-02
8.064587460473454303e-03
8.311935932399096630e-03
6.697008112715667483e-03
8.862922278288535086e-03
6.705978909084480896e-03
9.154322003378515676e-03
7.594042470675770561e-03
1.290626824383626914e-02
1.033683782398034899e-02
1.289118874143262324e-02
8.958831758849681443e-03
1.091550782976694230e-02
9.329506645817461571e-03
1.004598035850252230e-02
6.977280904850416583e-03
6.934460540723563944e-03
3.677256375720467600e-03
7.988554596996415985e-03
2.704685717005010561e-03
5.504380016455803423e-03
3.356833141676764977e-03
5.124688280553668478e-03
4.362074612211571008e-03
4.192415634479621303e-03
3.412512798326483836e-03
7.132978464585110721e-03
6.942285144967089844e-03
9.337452928297469701e-03
9.166175509562422136e-03
8.011434434284776113e-03
8.569495892859232619e-03
7.915396873400006722e-03
8.406233879404470186e-03
6.742479264216910510e-03
9.735044652902624315e-03
7.357330666812226562e-03
9.707531411653621059e-03
8.062835655090439327e-03
9.631326291848233898e-03
9.284686510077971508e-03
1.223284682813528118e-02
9.944838613367361357e-03
1.377690785322864889e-02
1.134670185020818581e-02
1.333674790559206610e-02
1.260438781769177355e-02
1.424952946376138382e-02
1.092090232280859378e-02
1.328633920109940046e-02
1.091599940638561007e-02
1.193469397545371055e-02
1.123583985422673716e-02
1.208955630043591356e-02
1.132834414932465394e-02
1.217590984497794737e-02
1.032606797726163921e-02
1.048587500243667453e-02
1.056478842297280639e-02
1.072999712004756717e-02
1.152094053449711358e-02
1.167919630814491516e-02
1.462027234591323395e-02
1.470565138789725439e-02
1.496268595366502877e-02
1.502014493461869583e-02
1.895645397903769624e-02
1.895589433892988160e-02
1.882058398486685658e-02
1.864032659740647371e-02
1.440636471940484262e-02
1.411160407449883226e-02
1.667862790956047697e-02
1.552871209872116326e-02
1.308362581674702048e-02
1.094603809510162271e-02
9.702344484964235335e-03
8.022233090978417649e-03
1.048019157194017732e-02
9.104437146429117042e-03
9.673883689945445702e-03
8.893800236125529168e-03
1.025610541608411828e-02
6.807839832556631700e-03
9.229534249849721816e-03
4.924789912033442421e-03
8.037971065228672815e-03
4.908461449753952210e-03
1.185617798896362526e-02
9.017440241218584868e-03
1.239076258605149514e-02
9.708244062522885728e-03
1.150834203660992990e-02
9.159271804044773549e-03
8.378875711692743838e-03
7.155045785655045863e-03
6.083635246927086848e-03
3.393543062453639216e-03
1.053543143075541533e-02
8.133309444263036106e-03
6.686710211092465779e-03
6.329419553586369644e-03
7.104222713600756925e-03
6.187110163600686823e-03
5.333623869275583816e-03
4.268024227968984438e-03
4.930885578677450878e-03
3.948662550747415907e-03
9.028289650854868370e-03
9.150622464863615232e-03
7.181738376738531007e-03
9.085186454123735447e-03
7.243971098942701345e-03
1.042324434990137341e-02
9.191857181537319357e-03
9.695966988241107309e-03
1.111030047847794307e-02
1.328566557881919602e-02
8.367325792913521409e-03
9.827049726701623383e-03
7.112860416498506186e-03
9.923350395359322590e-03
7.629864696508601753e-03
1.049521438360135825e-02
1.151552727670520151e-02
1.416211344195172916e-02
1.281259718942023146e-02
1.578043444665892803e-02
1.386434027846691723e-02
1.705973030955852329e-02
1.220638951840003796e-02
1.433586798280694213e-02
1.106576511926504400e-02
1.206721582041511871e-02
1.102845890083381172e-02
1.167159816187582008e-02
1.042477704324476680e-02
1.048183177634093993e-02
1.018927849228027337e-02
1.023233486489930240e-02
1.142005180825931415e-02
1.151745897044806691e-02
1.448880189377244575e-02
1.472476376688013067e-02
1.585198315499511054e-02
1.585239876801903050e-02
1.611379928325722133e-02
1.611114117725883157e-02
1.678465023512345708e-02
1.655292163289303828e-02
1.542522276657935960e-02
1.478917773511167176e-02
1.800563443927202453e-02
1.695595337056469282e-02
1.563944447145108885e-02
1.325208425110043636e-02
1.074145582650270006e-02
8.817077438935304323e-03
9.063159867124340532e-03
8.869885239973979152e-03
1.046024533787721575e-02
8.537066944994557705e-03
9.241502517860381710e-03
6.894286823189939295e-03
1.182292349001885096e-02
8.536567411550762333e-03
1.072430345303523533e-02
6.973066339625873418e-03
7.120957198031613485e-03
4.117733697722868354e-03
1.037304237206733426e-02
6.887668794377460081e-03
1.037817706719026435e-02
7.505506858278137260e-03
5.116769840680635527e-03
3.980491486937313451e-03
4.827024469067606009e-03
2.983456866665810080e-03
1.141655978076845310e-02
8.843264570811280173e-03
5.481284684789654998e-03
4.427788332395395272e-03
5.914416777536114084e-03
4.740237322599440660e-03
4.505795102763221482e-03
3.775805808114538961e-03
4.699446898665048979e-03
3.749555801304654042e-03
8.668680682536242590e-03
9.244282956047955579e-03
7.391558324555014270e-03
9.540017351948735375e-03
8.366186860601254605e-03
9.606296244930949066e-03
9.347359277353015083e-03
1.020679374800007033e-02
8.047351999947612022e-03
1.040300190957350532e-02
9.469564221407952495e-03
1.305124271170991258e-02
6.291453681746554845e-03
9.648030075908723899e-03
5.682192499031186138e-03
1.005434132855882561e-02
1.158590358744363176e-02
1.524443475740026345e-02
1.225966208750269015e-02
1.487496052164355084e-02
1.337316358947957841e-02
1.569122820519268380e-02
1.284712613497183270e-02
1.448672490049875312e-02
1.128457477779711872e-02
1.214091237825994270e-02
1.112495052065346109e-02
1.139067121840598926e-02
1.032237376620212012e-02
1.037622431708701623e-02
1.011239556639806705e-02
1.014179366863180408e-02
1.141297673778756371e-02
1.146267681317398451e-02
1.585363796010193227e-02
1.584806835488205418e-02
1.401482992881519611e-02
1.401216225709495979e-02
1.701112070063265369e-02
1.697741681268175734e-02
1.678408223151028542e-02
1.674191847273896749e-02
1.703916198069926544e-02
1.692076222856566184e-02
2.082918265950519515e-02
1.965178384145266355e-02
1.656249493741039983e-02
1.534113971615885981e-02
1.117480952624825760e-02
9.124074398907546998e-03
9.160614441858994789e-03
5.630147759059950588e-03
9.415886716353186886e-03
6.460813231715023183e-03
1.222585329874506521e-02
9.165399084199839230e-03
1.416651898729123955e-02
1.225531818999579629e-02
1.102574720662074376e-02
9.194740818347086134e-03
8.892138755311761872e-03
6.345915611569365178e-03
9.024327552205495262e-03
4.938706921236018198e-03
8.266642960413813843e-03
5.407014186937215625e-03
8.081808101236881078e-03
6.708809748814515209e-03
7.419213869557539712e-03
5.895397218193454761e-03
8.756000542384973634e-03
8.073844037577406624e-03
4.991616947153560378e-03
3.614200100341007343e-03
2.953551831844653062e-03
1.363777804587450963e-03
4.315271885735007772e-03
4.299414309386127495e-03
6.632299127746779654e-03
6.249619355796871660e-03
1.040240704176965437e-02
1.081912655498126589e-02
9.399347873259300545e-03
1.107865028348389326e-02
7.559643041904912271e-03
8.390800743683170942e-03
6.064324219315781958e-03
7.101047063023864861e-03
6.259934730342649190e-03
9.449409599697549192e-03
8.608792196956649434e-03
1.046886456075805071e-02
1.049752275520886291e-02
1.434038723804092162e-02
1.075959618988311071e-02
1.413685430608042914e-02
1.048114262165696260e-02
1.329257706256694455e-02
1.195526729797096767e-02
1.391667071464826495e-02
1.228442863823379742e-02
1.393967190889274996e-02
1.178378086674932920e-02
1.278010651426149738e-02
1.114372589368591883e-02
1.162613357670373541e-02
1.096221453086396354e-02
1.090995518176600398e-02
1.015274213991500078e-02
1.018977157176221421e-02
1.003136003291055234e-02
1.004323624711096243e-02
1.122741579878463319e-02
1.122716323842879761e-02
1.420599385153223197e-02
1.415715952831251429e-02
1.481263795469068764e-02
1.480479030380650422e-02
1.723456858974351663e-02
1.718798075215521165e-02
1.764872084614221848e-02
1.751885895333762586e-02
1.714996124499286456e-02
1.691760122308779216e-02
2.165865406661299924e-02
2.021961554821097642e-02
1.709098294655758341e-02
1.573267183820388146e-02
1.162693794492091273e-02
9.208801956900004512e-03
1.118986413378166185e-02
7.978479516294241861e-03
1.003720310151405906e-02
7.477308072725387562e-03
1.410142510622768193e-02
1.176577122680753928e-02
1.532496908184163842e-02
1.267861430126449897e-02
1.075040998049743221e-02
8.887020633200128431e-03
1.066666895348059550e-02
8.503018166555654025e-03
1.152729761600704804e-02
7.122903774837340864e-03
7.020306152117823141e-03
4.884816036677175344e-03
3.205306748707818613e-03
1.551365948337719847e-03
1.803493213177318876e-03
5.103220906321428605e-04
4.437245660630783836e-03
3.015079154469392942e-03
9.325873875111082923e-04
-1.682410820138694439e-03
1.001200144655392532e-03
-1.612767985895518195e-03
1.261738032204132685e-03
3.356636281047564534e-04
3.395927183252618782e-03
3.261821260350473203e-03
1.007666092332691263e-02
1.000952726684696710e-02
9.265292268672566459e-03
9.413311111041981760e-03
8.121041030303994407e-03
9.473742716671012740e-03
5.529627649195674281e-03
7.867558549064851067e-03
8.503270998126017874e-03
9.644800965707819515e-03
1.079928530787202523e-02
1.293239864975812004e-02
1.112879466685555950e-02
1.386540351337531111e-02
1.278359492991817427e-02
1.602756694560279749e-02
1.221030327416305558e-02
1.451630438880699772e-02
1.156055220729142706e-02
1.351745116698710274e-02
1.202248950321754307e-02
1.353293444607567460e-02
1.121659327900380483e-02
1.148105073392742710e-02
1.065566419030326492e-02
1.070785418804410735e-02
1.039729934313312135e-02
1.046637609250591905e-02
1.010993653684475954e-02
1.014806521423016958e-02
1.000005918662189193e-02
1.000005930444016616e-02
1.067235382994376550e-02
1.066856968555282212e-02
1.541974600430459641e-02
1.540689160195067228e-02
1.523348675079806876e-02
1.520226002432285665e-02
2.028379415542856667e-02
2.024130318375993304e-02
2.253276162228727217e-02
2.243220915403781532e-02
1.853442772837151156e-02
1.818448291936937064e-02
2.212287625117923678e-02
2.220397544056986958e-02
1.755401111708515538e-02
1.547885115415691126e-02
1.180900889581062638e-02
1.093260629269175895e-02
1.381096979481238364e-02
1.253304096386839012e-02
1.463741745865923365e-02
1.261344125068247432e-02
1.266034638380289859e-02
1.042852560480064111e-02
1.354421125497671380e-02
1.018597371934132877e-02
1.185560803136483619e-02
7.082773860524573147e-03
1.050235907984225017e-02
8.206946108885648447e-03
1.235289148138665229e-02
1.019363177858451097e-02
1.015135525789165674e-02
9.270093999067001087e-03
5.714031421897709101e-03
3.017276967053555015e-03
2.443684620663398935e-03
1.412567473645786481e-04
3.463408829660800849e-03
1.639879946460823896e-03
3.284268121372274987e-03
2.256570954159843427e-04
6.110143112939746268e-03
4.101243245843127182e-03
4.722900554641271641e-03
3.630720159046323461e-03
4.397626732279709925e-03
4.783889394683707962e-03
8.722840572357884112e-03
9.353115501142815133e-03
8.265276537205028945e-03
8.729206219860084770e-03
7.384570787901492336e-03
9.426425376222340169e-03
5.887513376445762184e-03
7.903526813192824838e-03
6.149671011788114539e-03
7.146406605523685125e-03
1.016192595578152558e-02
1.239622421715421731e-02
1.107203021495643293e-02
1.266540167767808873e-02
9.920941508229324038e-03
1.240107610907227251e-02
1.040746265212416991e-02
1.248290694749783734e-02
1.061127300161928202e-02
1.159940569212001768e-02
1.114581318541675234e-02
1.149632294897210728e-02
1.093648247276173338e-02
1.108950011305210107e-02
1.047976667446131986e-02
1.045971778886964181e-02
1.015384670102397087e-02
1.019354495861250418e-02
1.000000888243137397e-02
1.000000888873266852e-02
1.000043769112488393e-02
1.000043800609046879e-02
1.082349171099931083e-02
1.082421768858610016e-02
1.635030986892060945e-02
1.641006029672027397e-02
1.632187554592181428e-02
1.631031196336591577e-02
2.211505444683032826e-02
2.219943229159811529e-02
2.730627330176740170e-02
2.724472016539357735e-02
1.944544901731780004e-02
1.936121652309630292e-02
2.389132296875044401e-02
2.412003776820696721e-02
1.661577437478463024e-02
1.678953992302311196e-02
1.394856630597699799e-02
1.263860673340849207e-02
1.581758454865318450e-02
1.382161883657214048e-02
1.639781906252589169e-02
1.392777983754449680e-02
1.554315332409076690e-02
1.166340748216375227e-02
1.493908662207469283e-02
9.888704687240066835e-03
9.366174887070413332e-03
8.091420838190093931e-03
8.263298028893044725e-03
6.344097238291813295e-03
8.949211557754464461e-03
8.126853747991638968e-03
1.255285607901942060e-02
1.133071531352142572e-02
9.463908722878656282e-03
8.409875279994691311e-03
3.569282966173978940e-03
1.956369584462761078e-03
3.006822552287551770e-03
1.903030529460396532e-03
2.796749333124371253e-03
2.721562291611908085e-03
6.659568180578919264e-03
4.445829159777488215e-03
7.311294033054548114e-03
7.498295356674382177e-03
6.319503229721694544e-03
6.240438684984766018e-03
9.090664264256495194e-03
9.975890978939480971e-03
9.926442566079336782e-03
1.004077196717192283e-02
9.243511493903535520e-03
1.110092889570537394e-02
5.989849037945338926e-03
9.240737093784211903e-03
6.851535441771357954e-03
8.348208142939564022e-03
7.706510459557633017e-03
8.626910393888648915e-03
7.602514420245901766e-03
9.038370788990826230e-03
8.660252863673693555e-03
1.013428531770282220e-02
9.696431400892862457e-03
9.992482267593274375e-03
1.023347095126138362e-02
1.058157719598055990e-02
1.062221375525380408e-02
1.067196079827885738e-02
1.023023225500438102e-02
1.028614037256061521e-02
1.007237941182388338e-02
1.009782924328899746e-02
1.000000000000000021e-02
1.000000000000000021e-02
1.000006567864201307e-02
1.000006572078602184e-02
1.000319457207448325e-02
1.000319662081025802e-02
1.146861693871817703e-02
1.145849621815587041e-02
1.654662610001582032e-02
1.653773063384603864e-02
2.029395477738590511e-02
2.029038840672634653e-02
2.044750950105456849e-02
2.041390953738362116e-02
2.594549997980915776e-02
2.619674844538340264e-02
2.284869770708207112e-02
2.282326479486569693e-02
2.435216479330699207e-02
2.446839922243972121e-02
1.808254173231394965e-02
1.736430922775855645e-02
1.346421222725053060e-02
1.353200259301835795e-02
1.627532471325996918e-02
1.476229820057175374e-02
1.692614786954102155e-02
1.557508256950560117e-02
1.550564383195295916e-02
1.496087873742702606e-02
1.526240008265951874e-02
1.042356411424432035e-02
1.103917949179365927e-02
8.589205224874059408e-03
8.314230431484419953e-03
7.501470049413662064e-03
9.256563186569331803e-03
5.818994065197413516e-03
1.203471536292776041e-02
9.599411772246451216e-03
8.065977295420675985e-03
7.270703410094065365e-03
5.975048402425455971e-03
5.254932726828134490e-03
1.929032439420577194e-03
9.665768145252069633e-04
2.460569297497075045e-05
-3.911210738656817711e-04
2.230677091227138177e-03
2.286540958302346431e-03
4.256896185612898779e-03
3.975694225715692767e-03
5.482028658548297392e-03
4.857596148547134278e-03
9.392405057879275529e-03
9.616949396395322452e-03
7.723168716940473008e-03
9.046690919670374170e-03
7.143488284333979893e-03
8.257797320411413428e-03
9.649124324638314737e-03
1.194165850441476079e-02
7.535549205285183710e-03
9.799480451793863775e-03
5.308404967812066673e-03
6.735575531170536097e-03
5.994153405715113743e-03
7.383565726930585091e-03
7.468022612290057573e-03
9.063458454018498076e-03
8.434399233219412942e-03
1.011343554485657180e-02
9.696039945726419099e-03
1.009863983412948203e-02
1.068877067848044392e-02
1.086340311310088347e-02
1.011583977567285728e-02
1.006721402941465789e-02
1.009063345479076917e-02
1.011626821470613773e-02
1.000000000000000021e-02
1.000000000000000021e-02
1.000048551680282095e-02
1.000048582639563588e-02
1.001227151127083263e-02
1.001227933874096476e-02
1.278254664409639134e-02
1.278221983905815026e-02
2.007011287140203493e-02
2.005499131319145659e-02
1.927857084733977655e-02
1.930464889601744491e-02
2.085786470316342706e-02
2.085601093030833852e-02
2.110194960102313236e-02
2.109237416669202531e-02
2.399751299805885987e-02
2.408046257636509493e-02
3.097106230961405027e-02
3.119676612321381493e-02
2.132025607268672393e-02
2.119153441843362948e-02
1.239212979525281151e-02
1.229255506951391561e-02
1.466903598150522819e-02
1.366248940816618476e-02
1.594158052544295337e-02
1.402875329257208606e-02
1.432007682683846157e-02
1.333459476344559490e-02
1.348032394668600975e-02
1.253483108950796676e-02
1.337748831677344243e-02
1.200303002945957327e-02
1.246700883223053960e-02
1.006343811235973010e-02
1.066166711074799031e-02
8.868881301399105660e-03
8.679716856427288976e-03
8.224694500497554267e-03
7.197719102356293572e-03
6.178684263092378871e-03
6.111367091768562729e-03
5.292020439588470369e-03
3.296978683695585277e-03
1.893452747652999736e-03
2.388611836893689885e-03
1.220386982827954608e-03
3.464996653738866995e-03
2.661770042437722975e-03
4.210695608455387179e-03
3.905639762558555609e-03
5.534426831928721500e-03
4.609780300737543329e-03
9.578163221785907996e-03
9.744993323050839956e-03
6.620504767634865541e-03
9.269589928693667061e-03
8.190728143511880749e-03
9.669850584188437875e-03
9.658714873904227297e-03
1.211636667485464780e-02
9.824462878163332802e-03
1.211981068745643028e-02
7.623746554494171754e-03
9.343883021834656355e-03
5.822707536266968215e-03
6.045212553074053030e-03
7.834745690739759391e-03
9.301352682654844689e-03
8.492299861305247638e-03
8.845336777058109348e-03
9.414952473362693530e-03
9.907258960779140658e-03
1.036776074207109051e-02
1.047166822767495002e-02
1.023064097629013645e-02
1.027764194885075894e-02
1.030992271299597911e-02
1.037949000481622544e-02
1.005532903926194786e-02
1.006590394236115717e-02
1.000354117880300313e-02
1.000354343600167242e-02
1.003919897328890525e-02
1.003775369873555201e-02
1.289528517848413137e-02
1.290576351914916355e-02
2.129938810680797115e-02
2.130722103050010363e-02
2.100130583106035731e-02
2.103017224900660329e-02
2.156940112740229898e-02
2.164171413717512829e-02
2.178424148770403274e-02
2.178145695604645146e-02
2.338772283124417040e-02
2.338818573822137523e-02
3.095086671720544830e-02
3.116951934824937001e-02
2.023233347375986285e-02
2.019322732214826055e-02
1.149317824769141745e-02
1.114768095819470423e-02
1.318611775320999158e-02
1.229542741358925426e-02
1.314405483930752502e-02
1.277337965246715633e-02
1.258130562998586652e-02
1.198412695478848905e-02
1.284707729495623146e-02
1.184162866474833438e-02
1.483577777229466363e-02
1.332558893609288829e-02
1.450667718887460947e-02
1.298742400521388576e-02
1.209572313177971828e-02
1.136373517652573308e-02
1.034179183101391689e-02
8.792713803786366203e-03
4.662964825698747567e-03
4.611971153657546188e-03
5.761470472491145474e-03
4.574388521857661663e-03
4.396254084374408115e-03
3.651818272795594091e-03
4.120507516806172325e-03
2.433571799817919618e-03
5.070078356881006949e-03
4.058603642095058583e-03
5.939415060395224384e-03
5.694358019476573191e-03
7.509307561320833352e-03
7.165642538842162575e-03
6.991701414258657231e-03
7.767803717642294756e-03
6.796072462072264356e-03
8.278282500343495456e-03
9.165555442822014010e-03
9.707971498505506974e-03
9.932852987009509541e-03
1.101976331377225136e-02
8.639668886678074367e-03
1.014700847426462139e-02
8.481425005574668233e-03
9.642924483393476923e-03
7.175266691282601063e-03
8.764576643964695421e-03
8.022370651220363247e-03
1.094364318841152019e-02
7.374625383053224660e-03
8.687256766646096404e-03
9.384255047134438046e-03
9.524670092490243600e-03
9.968733477952599828e-03
1.000819935063540500e-02
1.026130354349043781e-02
1.031405681895069919e-02
1.070871504759007657e-02
1.085467239535166731e-02
1.017665737304491308e-02
1.021215097192877674e-02
1.001378101298632146e-02
1.001383303716221057e-02
1.001998171095220928e-02
1.002754299617842834e-02
1.257261264256112274e-02
1.257579959147746458e-02
1.972145485403962312e-02
1.972158829474247865e-02
2.071382622889017186e-02
2.071341117276021687e-02
2.460463598499789892e-02
2.465983013036779706e-02
2.457342979178603684e-02
2.463437952870909525e-02
2.321950459037494183e-02
2.322682899589760888e-02
2.750978600569980309e-02
2.750933854153118918e-02
1.551965648483542848e-02
1.549842112887489867e-02
1.049968078255992393e-02
1.047324041816691080e-02
1.068531062942171782e-02
1.052681339575257426e-02
1.089800840914867917e-02
1.072711135098894722e-02
1.111505183526310253e-02
1.147523662001039002e-02
1.311002403075716555e-02
1.202059913664466073e-02
1.394588621358307766e-02
1.265760885869584781e-02
1.460942094811387010e-02
1.352847881604175677e-02
1.327294207025687262e-02
1.108537792913114224e-02
8.182579970939797900e-03
7.401940872748962591e-03
4.611384425491239086e-03
1.726798486171123199e-03
4.605311954782719853e-03
3.422787287772713696e-03
5.010393171579639524e-03
4.550591832490372309e-03
6.901650877233842483e-03
4.866901091352964989e-03
7.289083010467023969e-03
6.350631324186359859e-03
7.815531486962930610e-03
7.751301863858387972e-03
9.642768587415261744e-03
9.655828594246828808e-03
9.798933062619351667e-03
1.099825675845661661e-02
1.009243694496930396e-02
1.119441932984715886e-02
8.035815826036015602e-03
8.827197633133268204e-03
7.844532482986901756e-03
9.591339319305690336e-03
6.557839513731318105e-03
7.475466270330259969e-03
5.470185257077990644e-03
8.110967266017990798e-03
8.004680852301746669e-03
9.864197288063326560e-03
1.080627270754034620e-02
1.198881130156976248e-02
8.287230958862737071e-03
9.691210632221588031e-03
8.883826756391599577e-03
9.064689330013548513e-03
9.517935014244138792e-03
9.582550524415301557e-03
1.012768388601195842e-02
1.015478398113289597e-02
1.066165246520021925e-02
1.079804512517211490e-02
1.050147966513468797e-02
1.060214532546552464e-02
1.007627712361277260e-02
1.007872303391075045e-02
1.019127376393598981e-02
1.020131053474327559e-02
1.283779814016212939e-02
1.286465270271991250e-02
1.812928898712012904e-02
1.814763254261986605e-02
1.802187759542836498e-02
1.807146548698598462e-02
2.691590267399524353e-02
2.688306447855181788e-02
2.708203070297754422e-02
2.705902232217032369e-02
2.160888586020635882e-02
2.166275347857892636e-02
2.497044698292769788e-02
2.496884419780007885e-02
1.336872853806847679e-02
1.336871271314511375e-02
1.000000000000000021e-02
1.000000000000000021e-02
1.051549357782701963e-02
1.036151076197729982e-02
1.081128947906541231e-02
1.070522122308624480e-02
1.132861455587169837e-02
1.080438229838782786e-02
1.239561343717657770e-02
1.207162848782196776e-02
1.286015895805950500e-02
1.239861525619727345e-02
1.245473606794100102e-02
1.239622255783496760e-02
1.251517855184103127e-02
1.144554725026452474e-02
9.072915359385626266e-03
9.232390330123929970e-03
6.881968561024980405e-03
6.744686043395393786e-03
8.177048451664383974e-03
7.608595752691935804e-03
9.859593117919611405e-03
8.456020111580708071e-03
1.066644134598611522e-02
9.510637880593109453e-03
9.872123820541027495e-03
9.414002094886662203e-03
9.958860986107926153e-03
9.809872553371288759e-03
1.056416030035807994e-02
1.064000588846948474e-02
1.027016593669743440e-02
1.124494052514696772e-02
1.011980359192984208e-02
1.107196816741398172e-02
7.926086990954785833e-03
9.186872695087970261e-03
4.405508415819573906e-03
5.540769964651424788e-03
4.634666933556860248e-03
5.816854099366826174e-03
5.005417840655804369e-03
6.286937493352661062e-03
8.168862909568336272e-03
1.022425329978253819e-02
9.671004461217257500e-03
1.093572626152867176e-02
1.054746291230533421e-02
1.096450878538156488e-02
9.165207161444066317e-03
9.316288969105360890e-03
9.605421073729848019e-03
9.674163103335655517e-03
1.014538253235457328e-02
1.020590417164563002e-02
1.029380668174591576e-02
1.035481505733710887e-02
1.036077673998682391e-02
1.043052572160903767e-02
1.014907772857760737e-02
1.018031478360801115e-02
1.031763419038565256e-02
1.032648384625179869e-02
1.188628878610499887e-02
1.188827866568540302e-02
1.564116924623270427e-02
1.563897383913171249e-02
1.502870889419749729e-02
1.508927862740646990e-02
2.296767408303670988e-02
2.293680651573022991e-02
2.498413588420909243e-02
2.496265258355887320e-02
1.591930131913140561e-02
1.596574971828813860e-02
1.670349276754804976e-02
1.670239935558909608e-02
1.154779272352922555e-02
1.154777345838838010e-02
1.000000000000000021e-02
1.000000000000000021e-02
1.000000000000000021e-02
1.000000000000000021e-02
1.011724458750044159e-02
1.010887136925043422e-02
1.059679985403470456e-02
1.035486853657779406e-02
1.127547176104115763e-02
1.175184743457411730e-02
1.223652009238502571e-02
1.142835123634792019e-02
1.075500473550859530e-02
1.047151356730827501e-02
1.054755457728304494e-02
1.039812554552712633e-02
1.134852230775630633e-02
1.095687576327141095e-02
1.093998112507918105e-02
9.302138557559179108e-03
1.104077332244343679e-02
9.984067431035064527e-03
1.242134553460489017e-02
1.070540164967746441e-02
1.006576954640924990e-02
9.380080298004292091e-03
1.007136474966306011e-02
1.006185470955414316e-02
1.057309608510968897e-02
1.061711502588432929e-02
1.063781603249758928e-02
1.059018206841619292e-02
