1.000000000000000021e-02
1.000000000000000021e-02
1.000000000000000021e-02
1.000000000000000021e-02
1.000000000000000021e-02
1.000000000000000021e-02
1.000000000000000021e-02
1.000000000000000021e-02
1.000000000000000021e-02
1.000000000000000021e-02
1.000000000000000021e-02
1.000000000000000021e-02
1.000000000000000021e-02
1.000000000000000021e-02
1.000000000000000021e-02
1.000000000000000021e-02
1.000000000000000021e-02
1.000000000000000021e-02
1.000000000000000021e-02
1.000000000000000021e-02
1.000000000000000021e-02
1.000000000000000021e-02
1.000000000000000021e-02
1.000000000000000021e-02
1.000000000000000021e-02
1.000000000000000021e-02
1.000000000000000021e-02
1.000000000000000021e-02
1.000000000000000021e-02
1.000000000000000021e-02
1.000000000000000021e-02
1.000000000000000021e-02
9.999167334220515624e-03
9.999167334220515624e-03
9.831254039894935653e-03
9.831254039894935653e-03
9.765218384658205450e-03
9.765218384658205450e-03
8.225622312022449686e-03
8.225622312022449686e-03
7.740817233298707273e-03
7.740817233298707273e-03
9.747545975938708140e-03
9.747545975938708140e-03
9.250967482520329813e-03
9.250967482520329813e-03
9.942248358005780287e-03
9.942248358005780287e-03
1.000000000000000021e-02
1.000000000000000021e-02
1.000000000000000021e-02
1.000000000000000021e-02
1.000000000000000021e-02
1.000000000000000021e-02
1.000000000000000021e-02
1.000000000000000021e-02
1.000000000000000021e-02
1.000000000000000021e-02
1.000000000000000021e-02
1.000000000000000021e-02
1.000000000000000021e-02
1.000000000000000021e-02
1.000000000000000021e-02
1.000000000000000021e-02
1.000000000000000021e-02
1.000000000000000021e-02
1.000000000000000021e-02
1.000000000000000021e-02
1.000000000000000021e-02
1.000000000000000021e-02
1.000000000000000021e-02
1.000000000000000021e-02
1.000000000000000021e-02
1.000000000000000021e-02
1.000000000000000021e-02
1.000000000000000021e-02
1.000000000000000021e-02
1.000000000000000021e-02
1.000000000000000021e-02
1.000000000000000021e-02
1.000000000000000021e-02
1.000000000000000021e-02
1.000000000000000021e-02
1.000000000000000021e-02
1.000000000000000021e-02
1.000000000000000021e-02
1.000000000000000021e-02
1.000000000000000021e-02
1.000000000000000021e-02
1.000000000000000021e-02
1.000000000000000021e-02
1.000000000000000021e-02
1.000000000000000021e-02
1.000000000000000021e-02
1.000000000000000021e-02
1.000000000000000021e-02
1.000000000000000021e-02
1.000000000000000021e-02
1.000000000000000021e-02
1.000000000000000021e-02
1.000000000000000021e-02
1.000000000000000021e-02
1.000000000000000021e-02
1.000000000000000021e-02
1.000000000000000021e-02
1.000000000000000021e-02
1.000000000000000021e-02
1.000000000000000021e-02
1.000000000000000021e-02
1.000000000000000021e-02
1.000000000000000021e-02
1.000000000000000021e-02
9.831871242752265178e-03
9.831871242752265178e-03
9.592743665649694149e-03
9.592743665649694149e-03
8.992337656287164790e-03
8.992337656287164790e-03
8.548894538641257923e-03
8.548894538641257923e-03
8.240359625898606433e-03
8.240359625898606433e-03
9.061570565801112254e-03
9.061570565801112254e-03
8.482866678503534971e-03
8.482866678503534971e-03
9.644784737506056221e-03
9.644784737506056221e-03
1.000000000000000021e-02
1.000000000000000021e-02
1.000000000000000021e-02
1.000000000000000021e-02
1.000000000000000021e-02
1.000000000000000021e-02
1.000000000000000021e-02
1.000000000000000021e-02
1.000000000000000021e-02
1.000000000000000021e-02
1.000000000000000021e-02
1.000000000000000021e-02
1.000000000000000021e-02
1.000000000000000021e-02
1.000000000000000021e-02
1.000000000000000021e-02
1.000000000000000021e-02
1.000000000000000021e-02
1.000000000000000021e-02
1.000000000000000021e-02
1.000000000000000021e-02
1.000000000000000021e-02
1.000000000000000021e-02
1.000000000000000021e-02
1.000000000000000021e-02
1.000000000000000021e-02
1.000000000000000021e-02
1.000000000000000021e-02
1.000000000000000021e-02
1.000000000000000021e-02
1.000000000000000021e-02
1.000000000000000021e-02
1.000000000000000021e-02
1.000000000000000021e-02
1.000000000000000021e-02
1.000000000000000021e-02
1.000000000000000021e-02
1.000000000000000021e-02
1.000000000000000021e-02
1.000000000000000021e-02
1.000000000000000021e-02
1.000000000000000021e-02
1.000000000000000021e-02
1.000000000000000021e-02
1.000000000000000021e-02
1.000000000000000021e-02
1.000000000000000021e-02
1.000000000000000021e-02
1.000000000000000021e-02
1.000000000000000021e-02
1.000000000000000021e-02
1.000000000000000021e-02
1.000000000000000021e-02
1.000000000000000021e-02
1.000000000000000021e-02
1.000000000000000021e-02
1.000000000000000021e-02
1.000000000000000021e-02
1.000000000000000021e-02
1.000000000000000021e-02
1.000000000000000021e-02
1.000000000000000021e-02
1.000000000000000021e-02
1.000000000000000021e-02
9.829841935496916663e-03
9.829841935496916663e-03
7.926889712713037356e-03
7.926889712713037356e-03
8.955342016898825905e-03
8.955342016898825905e-03
8.509874833406677608e-03
8.509874833406677608e-03
8.169935397432706234e-03
8.169935397432706234e-03
9.056245028940123828e-03
9.056245028940123828e-03
7.363597067281704017e-03
7.363597067281704017e-03
8.920053664692048634e-03
8.920053664692048634e-03
1.000000000000000021e-02
1.000000000000000021e-02
1.000000000000000021e-02
1.000000000000000021e-02
1.000000000000000021e-02
1.000000000000000021e-02
1.000000000000000021e-02
1.000000000000000021e-02
1.000000000000000021e-02
1.000000000000000021e-02
1.000000000000000021e-02
1.000000000000000021e-02
1.000000000000000021e-02
1.000000000000000021e-02
1.000000000000000021e-02
1.000000000000000021e-02
1.000000000000000021e-02
1.000000000000000021e-02
1.000000000000000021e-02
1.000000000000000021e-02
1.000000000000000021e-02
1.000000000000000021e-02
1.000000000000000021e-02
1.000000000000000021e-02
1.000000000000000021e-02
1.000000000000000021e-02
1.000000000000000021e-02
1.000000000000000021e-02
1.000000000000000021e-02
1.000000000000000021e-02
1.000000000000000021e-02
1.000000000000000021e-02
1.000000000000000021e-02
1.000000000000000021e-02
1.000000000000000021e-02
1.000000000000000021e-02
1.000000000000000021e-02
1.000000000000000021e-02
1.000000000000000021e-02
1.000000000000000021e-02
1.000000000000000021e-02
1.000000000000000021e-02
1.000000000000000021e-02
1.000000000000000021e-02
1.000000000000000021e-02
1.000000000000000021e-02
1.000000000000000021e-02
1.000000000000000021e-02
1.000000000000000021e-02
1.000000000000000021e-02
1.000000000000000021e-02
1.000000000000000021e-02
1.000000000000000021e-02
1.000000000000000021e-02
1.000000000000000021e-02
1.000000000000000021e-02
1.000000000000000021e-02
1.000000000000000021e-02
1.000000000000000021e-02
1.000000000000000021e-02
1.000000000000000021e-02
1.000000000000000021e-02
1.000000000000000021e-02
1.000000000000000021e-02
9.148294626443870259e-03
9.148294626443870259e-03
7.108373997211599182e-03
7.108373997211599182e-03
8.635336271957687673e-03
8.635336271957687673e-03
8.632371887572832733e-03
8.632371887572832733e-03
8.407689335158083019e-03
8.407689335158083019e-03
8.790786689999347675e-03
8.790786689999347675e-03
6.455687592287873144e-03
6.455687592287873144e-03
8.797383075842974895e-03
8.797383075842974895e-03
1.000000000000000021e-02
1.000000000000000021e-02
1.000000000000000021e-02
1.000000000000000021e-02
1.000000000000000021e-02
1.000000000000000021e-02
1.000000000000000021e-02
1.000000000000000021e-02
1.000000000000000021e-02
1.000000000000000021e-02
1.000000000000000021e-02
1.000000000000000021e-02
1.000000000000000021e-02
1.000000000000000021e-02
1.000000000000000021e-02
1.000000000000000021e-02
1.000000000000000021e-02
1.000000000000000021e-02
1.000000000000000021e-02
1.000000000000000021e-02
1.000000000000000021e-02
1.000000000000000021e-02
1.000000000000000021e-02
1.000000000000000021e-02
1.000000000000000021e-02
1.000000000000000021e-02
1.000000000000000021e-02
1.000000000000000021e-02
1.000000000000000021e-02
1.000000000000000021e-02
1.000000000000000021e-02
1.000000000000000021e-02
1.000000000000000021e-02
1.000000000000000021e-02
1.000000000000000021e-02
1.000000000000000021e-02
1.000000000000000021e-02
1.000000000000000021e-02
1.000000000000000021e-02
1.000000000000000021e-02
1.000000000000000021e-02
1.000000000000000021e-02
1.000000000000000021e-02
1.000000000000000021e-02
1.000000000000000021e-02
1.000000000000000021e-02
1.000000000000000021e-02
1.000000000000000021e-02
1.000000000000000021e-02
1.000000000000000021e-02
1.000000000000000021e-02
1.000000000000000021e-02
1.000000000000000021e-02
1.000000000000000021e-02
1.000000000000000021e-02
1.000000000000000021e-02
1.000000000000000021e-02
1.000000000000000021e-02
1.000000000000000021e-02
1.000000000000000021e-02
1.000000000000000021e-02
1.000000000000000021e-02
1.000000000000000021e-02
1.000000000000000021e-02
9.335674629994454576e-03
9.335674629994454576e-03
7.606176797651823147e-03
7.606176797651823147e-03
8.107148244434203566e-03
8.107148244434203566e-03
7.888174208626237346e-03
7.888174208626237346e-03
7.639174320297929116e-03
7.639174320297929116e-03
7.974955844777316394e-03
7.974955844777316394e-03
6.119688469777651539e-03
6.119688469777651539e-03
8.772093063322638704e-03
8.772093063322638704e-03
1.000000000000000021e-02
1.000000000000000021e-02
1.000000000000000021e-02
1.000000000000000021e-02
1.000000000000000021e-02
1.000000000000000021e-02
1.000000000000000021e-02
1.000000000000000021e-02
1.000000000000000021e-02
1.000000000000000021e-02
1.000000000000000021e-02
1.000000000000000021e-02
1.000000000000000021e-02
1.000000000000000021e-02
1.000000000000000021e-02
1.000000000000000021e-02
1.000000000000000021e-02
1.000000000000000021e-02
1.000000000000000021e-02
1.000000000000000021e-02
1.000000000000000021e-02
1.000000000000000021e-02
1.000000000000000021e-02
1.000000000000000021e-02
1.000000000000000021e-02
1.000000000000000021e-02
1.000000000000000021e-02
1.000000000000000021e-02
1.000000000000000021e-02
1.000000000000000021e-02
1.000000000000000021e-02
1.000000000000000021e-02
1.000000000000000021e-02
1.000000000000000021e-02
1.000000000000000021e-02
1.000000000000000021e-02
1.000000000000000021e-02
1.000000000000000021e-02
1.000000000000000021e-02
1.000000000000000021e-02
1.000000000000000021e-02
1.000000000000000021e-02
1.000000000000000021e-02
1.000000000000000021e-02
1.000000000000000021e-02
1.000000000000000021e-02
1.000000000000000021e-02
1.000000000000000021e-02
1.000000000000000021e-02
1.000000000000000021e-02
1.000000000000000021e-02
1.000000000000000021e-02
1.000000000000000021e-02
1.000000000000000021e-02
1.000000000000000021e-02
1.000000000000000021e-02
1.000000000000000021e-02
1.000000000000000021e-02
1.000000000000000021e-02
1.000000000000000021e-02
1.000000000000000021e-02
1.000000000000000021e-02
1.000000000000000021e-02
1.000000000000000021e-02
9.578413148197961746e-03
9.578413148197961746e-03
6.894927839361452218e-03
6.894927839361452218e-03
7.292248236194757635e-03
7.292248236194757635e-03
5.732593451518316029e-03
5.732593451518316029e-03
5.496668339950395651e-03
5.496668339950395651e-03
7.600605869573655998e-03
7.600605869573655998e-03
6.152498505088051413e-03
6.152498505088051413e-03
8.468860832756879009e-03
8.468860832756879009e-03
1.000000000000000021e-02
1.000000000000000021e-02
1.000000000000000021e-02
1.000000000000000021e-02
1.000000000000000021e-02
1.000000000000000021e-02
1.000000000000000021e-02
1.000000000000000021e-02
1.000000000000000021e-02
1.000000000000000021e-02
1.000000000000000021e-02
1.000000000000000021e-02
1.000000000000000021e-02
1.000000000000000021e-02
1.000000000000000021e-02
1.000000000000000021e-02
1.000000000000000021e-02
1.000000000000000021e-02
1.000000000000000021e-02
1.000000000000000021e-02
1.000000000000000021e-02
1.000000000000000021e-02
1.000000000000000021e-02
1.000000000000000021e-02
1.000000000000000021e-02
1.000000000000000021e-02
1.000000000000000021e-02
1.000000000000000021e-02
1.000000000000000021e-02
1.000000000000000021e-02
1.000000000000000021e-02
1.000000000000000021e-02
1.000000000000000021e-02
1.000000000000000021e-02
1.000000000000000021e-02
1.000000000000000021e-02
1.000000000000000021e-02
1.000000000000000021e-02
1.000000000000000021e-02
1.000000000000000021e-02
1.000000000000000021e-02
1.000000000000000021e-02
1.000000000000000021e-02
1.000000000000000021e-02
1.000000000000000021e-02
1.000000000000000021e-02
1.000000000000000021e-02
1.000000000000000021e-02
1.000000000000000021e-02
1.000000000000000021e-02
1.000000000000000021e-02
1.000000000000000021e-02
1.000000000000000021e-02
1.000000000000000021e-02
1.000000000000000021e-02
1.000000000000000021e-02
1.000000000000000021e-02
1.000000000000000021e-02
1.000000000000000021e-02
1.000000000000000021e-02
1.000000000000000021e-02
1.000000000000000021e-02
1.000000000000000021e-02
1.000000000000000021e-02
9.540936729542745520e-03
9.540936729542745520e-03
7.134779669096873340e-03
7.134779669096873340e-03
7.120802336959546064e-03
7.120802336959546064e-03
5.996371129904822482e-03
5.996371129904822482e-03
5.945695385375569970e-03
5.945695385375569970e-03
7.479062057411491223e-03
7.479062057411491223e-03
5.969128928337366809e-03
5.969128928337366809e-03
8.559959413879103529e-03
8.559959413879103529e-03
1.000000000000000021e-02
1.000000000000000021e-02
1.000000000000000021e-02
1.000000000000000021e-02
1.000000000000000021e-02
1.000000000000000021e-02
1.000000000000000021e-02
1.000000000000000021e-02
1.000000000000000021e-02
1.000000000000000021e-02
1.000000000000000021e-02
1.000000000000000021e-02
1.000000000000000021e-02
1.000000000000000021e-02
1.000000000000000021e-02
1.000000000000000021e-02
1.000000000000000021e-02
1.000000000000000021e-02
1.000000000000000021e-02
1.000000000000000021e-02
1.000000000000000021e-02
1.000000000000000021e-02
1.000000000000000021e-02
1.000000000000000021e-02
1.000000000000000021e-02
1.000000000000000021e-02
1.000000000000000021e-02
1.000000000000000021e-02
1.000000000000000021e-02
1.000000000000000021e-02
1.000000000000000021e-02
1.000000000000000021e-02
1.000000000000000021e-02
1.000000000000000021e-02
1.000000000000000021e-02
1.000000000000000021e-02
1.000000000000000021e-02
1.000000000000000021e-02
1.000000000000000021e-02
1.000000000000000021e-02
1.000000000000000021e-02
1.000000000000000021e-02
1.000000000000000021e-02
1.000000000000000021e-02
1.000000000000000021e-02
1.000000000000000021e-02
1.000000000000000021e-02
1.000000000000000021e-02
1.000000000000000021e-02
1.000000000000000021e-02
1.000000000000000021e-02
1.000000000000000021e-02
1.000000000000000021e-02
1.000000000000000021e-02
1.000000000000000021e-02
1.000000000000000021e-02
1.000000000000000021e-02
1.000000000000000021e-02
1.000000000000000021e-02
1.000000000000000021e-02
1.000000000000000021e-02
1.000000000000000021e-02
1.000000000000000021e-02
1.000000000000000021e-02
9.451072126844308960e-03
9.451072126844308960e-03
6.429646451847915653e-03
6.429646451847915653e-03
7.337572018188075716e-03
7.337572018188075716e-03
7.268026837438328232e-03
7.268026837438328232e-03
7.744621720325814765e-03
7.744621720325814765e-03
7.429629431090463768e-03
7.429629431090463768e-03
4.924583042244137614e-03
4.924583042244137614e-03
7.007494708892909180e-03
7.007494708892909180e-03
1.000000000000000021e-02
1.000000000000000021e-02
1.000000000000000021e-02
1.000000000000000021e-02
1.000000000000000021e-02
1.000000000000000021e-02
1.000000000000000021e-02
1.000000000000000021e-02
1.000000000000000021e-02
1.000000000000000021e-02
1.000000000000000021e-02
1.000000000000000021e-02
1.000000000000000021e-02
1.000000000000000021e-02
1.000000000000000021e-02
1.000000000000000021e-02
1.000000000000000021e-02
1.000000000000000021e-02
1.000000000000000021e-02
1.000000000000000021e-02
1.000000000000000021e-02
1.000000000000000021e-02
1.000000000000000021e-02
1.000000000000000021e-02
1.000000000000000021e-02
1.000000000000000021e-02
1.000000000000000021e-02
1.000000000000000021e-02
1.000000000000000021e-02
1.000000000000000021e-02
1.000000000000000021e-02
1.000000000000000021e-02
1.000000000000000021e-02
1.000000000000000021e-02
1.000000000000000021e-02
1.000000000000000021e-02
1.000000000000000021e-02
1.000000000000000021e-02
1.000000000000000021e-02
1.000000000000000021e-02
1.000000000000000021e-02
1.000000000000000021e-02
1.000000000000000021e-02
1.000000000000000021e-02
1.000000000000000021e-02
1.000000000000000021e-02
1.000000000000000021e-02
1.000000000000000021e-02
1.000000000000000021e-02
1.000000000000000021e-02
1.000000000000000021e-02
1.000000000000000021e-02
1.000000000000000021e-02
1.000000000000000021e-02
1.000000000000000021e-02
1.000000000000000021e-02
1.000000000000000021e-02
1.000000000000000021e-02
1.000000000000000021e-02
1.000000000000000021e-02
1.000000000000000021e-02
1.000000000000000021e-02
1.000000000000000021e-02
1.000000000000000021e-02
9.417077298927881840e-03
9.417077298927881840e-03
6.127713287975671864e-03
6.127713287975671864e-03
7.675462391890357922e-03
7.675462391890357922e-03
8.579951081916064801e-03
8.579951081916064801e-03
8.274658614833754061e-03
8.274658614833754061e-03
7.785123147313362593e-03
7.785123147313362593e-03
5.278706003888630066e-03
5.278706003888630066e-03
6.344201012075958122e-03
6.344201012075958122e-03
1.000000000000000021e-02
1.000000000000000021e-02
1.000000000000000021e-02
1.000000000000000021e-02
1.000000000000000021e-02
1.000000000000000021e-02
1.000000000000000021e-02
1.000000000000000021e-02
1.000000000000000021e-02
1.000000000000000021e-02
1.000000000000000021e-02
1.000000000000000021e-02
1.000000000000000021e-02
1.000000000000000021e-02
1.000000000000000021e-02
1.000000000000000021e-02
1.000000000000000021e-02
1.000000000000000021e-02
1.000000000000000021e-02
1.000000000000000021e-02
1.000000000000000021e-02
1.000000000000000021e-02
1.000000000000000021e-02
1.000000000000000021e-02
1.000000000000000021e-02
1.000000000000000021e-02
1.000000000000000021e-02
1.000000000000000021e-02
1.000000000000000021e-02
1.000000000000000021e-02
1.000000000000000021e-02
1.000000000000000021e-02
1.000000000000000021e-02
1.000000000000000021e-02
1.000000000000000021e-02
1.000000000000000021e-02
1.000000000000000021e-02
1.000000000000000021e-02
1.000000000000000021e-02
1.000000000000000021e-02
1.000000000000000021e-02
1.000000000000000021e-02
1.000000000000000021e-02
1.000000000000000021e-02
1.000000000000000021e-02
1.000000000000000021e-02
1.000000000000000021e-02
1.000000000000000021e-02
1.000000000000000021e-02
1.000000000000000021e-02
1.000000000000000021e-02
1.000000000000000021e-02
1.000000000000000021e-02
1.000000000000000021e-02
1.000000000000000021e-02
1.000000000000000021e-02
1.000000000000000021e-02
1.000000000000000021e-02
1.000000000000000021e-02
1.000000000000000021e-02
1.000000000000000021e-02
1.000000000000000021e-02
1.000000000000000021e-02
1.000000000000000021e-02
9.515740910478635156e-03
9.515740910478635156e-03
7.392340414595572999e-03
7.392340414595572999e-03
8.425573993705677209e-03
8.425573993705677209e-03
8.455555598377561058e-03
8.455555598377561058e-03
9.283289240745649235e-03
9.283289240745649235e-03
7.930266508476144921e-03
7.930266508476144921e-03
5.766051492981432922e-03
5.766051492981432922e-03
7.792567998695371437e-03
7.792567998695371437e-03
1.000000000000000021e-02
1.000000000000000021e-02
1.000000000000000021e-02
1.000000000000000021e-02
1.000000000000000021e-02
1.000000000000000021e-02
1.000000000000000021e-02
1.000000000000000021e-02
1.000000000000000021e-02
1.000000000000000021e-02
1.000000000000000021e-02
1.000000000000000021e-02
1.000000000000000021e-02
1.000000000000000021e-02
1.000000000000000021e-02
1.000000000000000021e-02
1.000000000000000021e-02
1.000000000000000021e-02
1.000000000000000021e-02
1.000000000000000021e-02
1.000000000000000021e-02
1.000000000000000021e-02
1.000000000000000021e-02
1.000000000000000021e-02
1.000000000000000021e-02
1.000000000000000021e-02
1.000000000000000021e-02
1.000000000000000021e-02
1.000000000000000021e-02
1.000000000000000021e-02
1.000000000000000021e-02
1.000000000000000021e-02
1.000000000000000021e-02
1.000000000000000021e-02
1.000000000000000021e-02
1.000000000000000021e-02
1.000000000000000021e-02
1.000000000000000021e-02
1.000000000000000021e-02
1.000000000000000021e-02
1.000000000000000021e-02
1.000000000000000021e-02
1.000000000000000021e-02
1.000000000000000021e-02
1.000000000000000021e-02
1.000000000000000021e-02
1.000000000000000021e-02
1.000000000000000021e-02
1.000000000000000021e-02
1.000000000000000021e-02
1.000000000000000021e-02
1.000000000000000021e-02
1.000000000000000021e-02
1.000000000000000021e-02
1.000000000000000021e-02
1.000000000000000021e-02
1.000000000000000021e-02
1.000000000000000021e-02
1.000000000000000021e-02
1.000000000000000021e-02
1.000000000000000021e-02
1.000000000000000021e-02
1.000000000000000021e-02
1.000000000000000021e-02
9.775356195466546397e-03
9.775356195466546397e-03
9.665916726592673272e-03
9.665916726592673272e-03
9.681569619929681486e-03
9.681569619929681486e-03
8.950937365346066724e-03
8.950937365346066724e-03
9.134542353656812871e-03
9.134542353656812871e-03
8.123051810749485832e-03
8.123051810749485832e-03
6.896447427736666393e-03
6.896447427736666393e-03
9.455518519751068135e-03
9.455518519751068135e-03
1.000000000000000021e-02
1.000000000000000021e-02
1.000000000000000021e-02
1.000000000000000021e-02
1.000000000000000021e-02
1.000000000000000021e-02
1.000000000000000021e-02
1.000000000000000021e-02
1.000000000000000021e-02
1.000000000000000021e-02
1.000000000000000021e-02
1.000000000000000021e-02
1.000000000000000021e-02
1.000000000000000021e-02
1.000000000000000021e-02
1.000000000000000021e-02
1.000000000000000021e-02
1.000000000000000021e-02
1.000000000000000021e-02
1.000000000000000021e-02
1.000000000000000021e-02
1.000000000000000021e-02
1.000000000000000021e-02
1.000000000000000021e-02
1.000000000000000021e-02
1.000000000000000021e-02
1.000000000000000021e-02
1.000000000000000021e-02
1.000000000000000021e-02
1.000000000000000021e-02
1.000000000000000021e-02
1.000000000000000021e-02
1.000000000000000021e-02
1.000000000000000021e-02
1.000000000000000021e-02
1.000000000000000021e-02
1.000000000000000021e-02
1.000000000000000021e-02
1.000000000000000021e-02
1.000000000000000021e-02
1.000000000000000021e-02
1.000000000000000021e-02
1.000000000000000021e-02
1.000000000000000021e-02
1.000000000000000021e-02
1.000000000000000021e-02
1.000000000000000021e-02
1.000000000000000021e-02
1.000000000000000021e-02
1.000000000000000021e-02
1.000000000000000021e-02
1.000000000000000021e-02
1.000000000000000021e-02
1.000000000000000021e-02
1.000000000000000021e-02
1.000000000000000021e-02
1.000000000000000021e-02
1.000000000000000021e-02
1.000000000000000021e-02
1.000000000000000021e-02
1.000000000000000021e-02
1.000000000000000021e-02
1.000000000000000021e-02
1.000000000000000021e-02
1.013896802552741692e-02
1.013896802552741692e-02
1.057931662455637543e-02
1.057931662455637543e-02
1.108662428454812443e-02
1.108662428454812443e-02
8.172842835834441197e-03
8.172842835834441197e-03
8.417027659208728071e-03
8.417027659208728071e-03
9.517046925818050188e-03
9.517046925818050188e-03
1.005807288641031444e-02
1.005807288641031444e-02
1.068575714476851894e-02
1.068575714476851894e-02
1.000000000000000021e-02
1.000000000000000021e-02
1.000000000000000021e-02
1.000000000000000021e-02
1.000000000000000021e-02
1.000000000000000021e-02
1.000000000000000021e-02
1.000000000000000021e-02
1.000000000000000021e-02
1.000000000000000021e-02
1.000000000000000021e-02
1.000000000000000021e-02
1.000000000000000021e-02
1.000000000000000021e-02
1.000000000000000021e-02
1.000000000000000021e-02
1.000000000000000021e-02
1.000000000000000021e-02
1.000000000000000021e-02
1.000000000000000021e-02
1.000000000000000021e-02
1.000000000000000021e-02
1.000000000000000021e-02
1.000000000000000021e-02
1.000000000000000021e-02
1.000000000000000021e-02
1.000000000000000021e-02
1.000000000000000021e-02
1.000000000000000021e-02
1.000000000000000021e-02
1.000000000000000021e-02
1.000000000000000021e-02
1.000000000000000021e-02
1.000000000000000021e-02
1.000000000000000021e-02
1.000000000000000021e-02
1.000000000000000021e-02
1.000000000000000021e-02
1.000000000000000021e-02
1.000000000000000021e-02
1.000000000000000021e-02
1.000000000000000021e-02
1.000000000000000021e-02
1.000000000000000021e-02
1.000000000000000021e-02
1.000000000000000021e-02
1.000000000000000021e-02
1.000000000000000021e-02
1.000000000000000021e-02
1.000000000000000021e-02
1.000000000000000021e-02
1.000000000000000021e-02
1.000000000000000021e-02
1.000000000000000021e-02
1.000000000000000021e-02
1.000000000000000021e-02
1.000000000000000021e-02
1.000000000000000021e-02
1.000000000000000021e-02
1.000000000000000021e-02
1.000000000000000021e-02
1.000000000000000021e-02
1.000000000000000021e-02
1.000000000000000021e-02
1.036814211778480481e-02
1.036814211778480481e-02
1.264082112737123335e-02
1.264082112737123335e-02
1.247089547911159162e-02
1.247089547911159162e-02
8.941206873999081595e-03
8.941206873999081595e-03
8.954930870151941655e-03
8.954930870151941655e-03
1.182393242583185816e-02
1.182393242583185816e-02
1.366495228923021721e-02
1.366495228923021721e-02
1.171057734396988362e-02
1.171057734396988362e-02
1.000000000000000021e-02
1.000000000000000021e-02
1.000000000000000021e-02
1.000000000000000021e-02
1.000000000000000021e-02
1.000000000000000021e-02
1.000000000000000021e-02
1.000000000000000021e-02
1.000000000000000021e-02
1.000000000000000021e-02
1.000000000000000021e-02
1.000000000000000021e-02
1.000000000000000021e-02
1.000000000000000021e-02
1.000000000000000021e-02
1.000000000000000021e-02
1.000000000000000021e-02
1.000000000000000021e-02
1.000000000000000021e-02
1.000000000000000021e-02
1.000000000000000021e-02
1.000000000000000021e-02
1.000000000000000021e-02
1.000000000000000021e-02
1.000000000000000021e-02
1.000000000000000021e-02
1.000000000000000021e-02
1.000000000000000021e-02
1.000000000000000021e-02
1.000000000000000021e-02
1.000000000000000021e-02
1.000000000000000021e-02
1.000000000000000021e-02
1.000000000000000021e-02
1.000000000000000021e-02
1.000000000000000021e-02
1.000000000000000021e-02
1.000000000000000021e-02
1.000000000000000021e-02
1.000000000000000021e-02
1.000000000000000021e-02
1.000000000000000021e-02
1.000000000000000021e-02
1.000000000000000021e-02
1.000000000000000021e-02
1.000000000000000021e-02
1.000000000000000021e-02
1.000000000000000021e-02
1.000000000000000021e-02
1.000000000000000021e-02
1.000000000000000021e-02
1.000000000000000021e-02
1.000000000000000021e-02
1.000000000000000021e-02
1.000000000000000021e-02
1.000000000000000021e-02
1.000000000000000021e-02
1.000000000000000021e-02
1.000000000000000021e-02
1.000000000000000021e-02
1.000000000000000021e-02
1.000000000000000021e-02
1.000000000000000021e-02
1.000000000000000021e-02
1.033089533790547757e-02
1.033089533790547757e-02
1.270075115302654947e-02
1.270075115302654947e-02
1.322102677451091578e-02
1.322102677451091578e-02
1.115520546309223780e-02
1.115520546309223780e-02
1.151297063156385241e-02
1.151297063156385241e-02
1.287986348467640846e-02
1.287986348467640846e-02
1.452096208576463335e-02
1.452096208576463335e-02
1.153595588482710446e-02
1.153595588482710446e-02
1.000000000000000021e-02
1.000000000000000021e-02
1.000000000000000021e-02
1.000000000000000021e-02
1.000000000000000021e-02
1.000000000000000021e-02
1.000000000000000021e-02
1.000000000000000021e-02
1.000000000000000021e-02
1.000000000000000021e-02
1.000000000000000021e-02
1.000000000000000021e-02
1.000000000000000021e-02
1.000000000000000021e-02
1.000000000000000021e-02
1.000000000000000021e-02
1.000000000000000021e-02
1.000000000000000021e-02
1.000000000000000021e-02
1.000000000000000021e-02
1.000000000000000021e-02
1.000000000000000021e-02
1.000000000000000021e-02
1.000000000000000021e-02
1.000000000000000021e-02
1.000000000000000021e-02
1.000000000000000021e-02
1.000000000000000021e-02
1.000000000000000021e-02
1.000000000000000021e-02
1.000000000000000021e-02
1.000000000000000021e-02
1.000000000000000021e-02
1.000000000000000021e-02
1.000000000000000021e-02
1.000000000000000021e-02
1.000000000000000021e-02
1.000000000000000021e-02
1.000000000000000021e-02
1.000000000000000021e-02
1.000000000000000021e-02
1.000000000000000021e-02
1.000000000000000021e-02
1.000000000000000021e-02
1.000000000000000021e-02
1.000000000000000021e-02
1.000000000000000021e-02
1.000000000000000021e-02
1.000000000000000021e-02
1.000000000000000021e-02
1.000000000000000021e-02
1.000000000000000021e-02
1.000000000000000021e-02
1.000000000000000021e-02
1.000000000000000021e-02
1.000000000000000021e-02
1.000000000000000021e-02
1.000000000000000021e-02
1.000000000000000021e-02
1.000000000000000021e-02
1.000000000000000021e-02
1.000000000000000021e-02
1.000000000000000021e-02
1.000000000000000021e-02
1.019460494647581560e-02
1.019460494647581560e-02
1.206989793403602865e-02
1.206989793403602865e-02
1.216046399838922702e-02
1.216046399838922702e-02
1.356133479107064256e-02
1.356133479107064256e-02
1.372475748425716797e-02
1.372475748425716797e-02
1.264315738765176347e-02
1.264315738765176347e-02
1.399304674447855897e-02
1.399304674447855897e-02
1.100089832022927913e-02
1.100089832022927913e-02
1.000000000000000021e-02
1.000000000000000021e-02
1.000000000000000021e-02
1.000000000000000021e-02
1.000000000000000021e-02
1.000000000000000021e-02
1.000000000000000021e-02
1.000000000000000021e-02
1.000000000000000021e-02
1.000000000000000021e-02
1.000000000000000021e-02
1.000000000000000021e-02
1.000000000000000021e-02
1.000000000000000021e-02
1.000000000000000021e-02
1.000000000000000021e-02
1.000000000000000021e-02
1.000000000000000021e-02
1.000000000000000021e-02
1.000000000000000021e-02
1.000000000000000021e-02
1.000000000000000021e-02
1.000000000000000021e-02
1.000000000000000021e-02
1.000000000000000021e-02
1.000000000000000021e-02
1.000000000000000021e-02
1.000000000000000021e-02
1.000000000000000021e-02
1.000000000000000021e-02
1.000000000000000021e-02
1.000000000000000021e-02
1.000000000000000021e-02
1.000000000000000021e-02
1.000000000000000021e-02
1.000000000000000021e-02
1.000000000000000021e-02
1.000000000000000021e-02
1.000000000000000021e-02
1.000000000000000021e-02
1.000000000000000021e-02
1.000000000000000021e-02
1.000000000000000021e-02
1.000000000000000021e-02
1.000000000000000021e-02
1.000000000000000021e-02
1.000000000000000021e-02
1.000000000000000021e-02
1.000000000000000021e-02
1.000000000000000021e-02
1.000000000000000021e-02
1.000000000000000021e-02
1.000000000000000021e-02
1.000000000000000021e-02
1.000000000000000021e-02
1.000000000000000021e-02
1.000000000000000021e-02
1.000000000000000021e-02
1.000000000000000021e-02
1.000000000000000021e-02
1.000000000000000021e-02
1.000000000000000021e-02
1.000000000000000021e-02
1.000000000000000021e-02
1.017938162050669067e-02
1.017938162050669067e-02
1.197560874234275541e-02
1.197560874234275541e-02
1.159718606807010229e-02
1.159718606807010229e-02
1.385809113065968219e-02
1.385809113065968219e-02
1.400605311844468730e-02
1.400605311844468730e-02
1.238884176680709118e-02
1.238884176680709118e-02
1.342690570699258019e-02
1.342690570699258019e-02
1.071225607135639808e-02
1.071225607135639808e-02
1.000000000000000021e-02
1.000000000000000021e-02
1.000000000000000021e-02
1.000000000000000021e-02
1.000000000000000021e-02
1.000000000000000021e-02
1.000000000000000021e-02
1.000000000000000021e-02
1.000000000000000021e-02
1.000000000000000021e-02
1.000000000000000021e-02
1.000000000000000021e-02
1.000000000000000021e-02
1.000000000000000021e-02
1.000000000000000021e-02
1.000000000000000021e-02
1.000000000000000021e-02
1.000000000000000021e-02
1.000000000000000021e-02
1.000000000000000021e-02
1.000000000000000021e-02
1.000000000000000021e-02
1.000000000000000021e-02
1.000000000000000021e-02
1.000000000000000021e-02
1.000000000000000021e-02
1.000000000000000021e-02
1.000000000000000021e-02
1.000000000000000021e-02
1.000000000000000021e-02
1.000000000000000021e-02
1.000000000000000021e-02
1.000000000000000021e-02
1.000000000000000021e-02
1.000000000000000021e-02
1.000000000000000021e-02
1.000000000000000021e-02
1.000000000000000021e-02
1.000000000000000021e-02
1.000000000000000021e-02
1.000000000000000021e-02
1.000000000000000021e-02
1.000000000000000021e-02
1.000000000000000021e-02
1.000000000000000021e-02
1.000000000000000021e-02
1.000000000000000021e-02
1.000000000000000021e-02
1.000000000000000021e-02
1.000000000000000021e-02
1.000000000000000021e-02
1.000000000000000021e-02
1.000000000000000021e-02
1.000000000000000021e-02
1.000000000000000021e-02
1.000000000000000021e-02
1.000000000000000021e-02
1.000000000000000021e-02
1.000000000000000021e-02
1.000000000000000021e-02
1.000000000000000021e-02
1.000000000000000021e-02
1.000000000000000021e-02
1.000000000000000021e-02
1.013518108821875353e-02
1.013518108821875353e-02
1.171441144338884570e-02
1.171441144338884570e-02
1.130626064315185496e-02
1.130626064315185496e-02
1.277212330668031290e-02
1.277212330668031290e-02
1.297223070435147597e-02
1.297223070435147597e-02
1.182225866649350664e-02
1.182225866649350664e-02
1.264263232109650963e-02
1.264263232109650963e-02
1.069567532735090157e-02
1.069567532735090157e-02
1.000000000000000021e-02
1.000000000000000021e-02
1.000000000000000021e-02
1.000000000000000021e-02
1.000000000000000021e-02
1.000000000000000021e-02
1.000000000000000021e-02
1.000000000000000021e-02
1.000000000000000021e-02
1.000000000000000021e-02
1.000000000000000021e-02
1.000000000000000021e-02
1.000000000000000021e-02
1.000000000000000021e-02
1.000000000000000021e-02
1.000000000000000021e-02
1.000000000000000021e-02
1.000000000000000021e-02
1.000000000000000021e-02
1.000000000000000021e-02
1.000000000000000021e-02
1.000000000000000021e-02
1.000000000000000021e-02
1.000000000000000021e-02
1.000000000000000021e-02
1.000000000000000021e-02
1.000000000000000021e-02
1.000000000000000021e-02
1.000000000000000021e-02
1.000000000000000021e-02
1.000000000000000021e-02
1.000000000000000021e-02
1.000000000000000021e-02
1.000000000000000021e-02
1.000000000000000021e-02
1.000000000000000021e-02
1.000000000000000021e-02
1.000000000000000021e-02
1.000000000000000021e-02
1.000000000000000021e-02
1.000000000000000021e-02
1.000000000000000021e-02
1.000000000000000021e-02
1.000000000000000021e-02
1.000000000000000021e-02
1.000000000000000021e-02
1.000000000000000021e-02
1.000000000000000021e-02
1.000000000000000021e-02
1.000000000000000021e-02
1.000000000000000021e-02
1.000000000000000021e-02
1.000000000000000021e-02
1.000000000000000021e-02
1.000000000000000021e-02
1.000000000000000021e-02
1.000000000000000021e-02
1.000000000000000021e-02
1.000000000000000021e-02
1.000000000000000021e-02
1.000000000000000021e-02
1.000000000000000021e-02
1.000000000000000021e-02
1.000000000000000021e-02
1.019630652838096965e-02
1.019630652838096965e-02
1.133159947092186350e-02
1.133159947092186350e-02
1.123217583135388206e-02
1.123217583135388206e-02
1.181762591844219730e-02
1.181762591844219730e-02
1.211893995278208978e-02
1.211893995278208978e-02
1.147705639437385586e-02
1.147705639437385586e-02
1.226813190593348604e-02
1.226813190593348604e-02
1.057789658947412212e-02
1.057789658947412212e-02
1.000000000000000021e-02
1.000000000000000021e-02
1.000000000000000021e-02
1.000000000000000021e-02
1.000000000000000021e-02
1.000000000000000021e-02
1.000000000000000021e-02
1.000000000000000021e-02
1.000000000000000021e-02
1.000000000000000021e-02
1.000000000000000021e-02
1.000000000000000021e-02
1.000000000000000021e-02
1.000000000000000021e-02
1.000000000000000021e-02
1.000000000000000021e-02
1.000000000000000021e-02
1.000000000000000021e-02
1.000000000000000021e-02
1.000000000000000021e-02
1.000000000000000021e-02
1.000000000000000021e-02
1.000000000000000021e-02
1.000000000000000021e-02
1.000000000000000021e-02
1.000000000000000021e-02
1.000000000000000021e-02
1.000000000000000021e-02
1.000000000000000021e-02
1.000000000000000021e-02
1.000000000000000021e-02
1.000000000000000021e-02
1.000000000000000021e-02
1.000000000000000021e-02
1.000000000000000021e-02
1.000000000000000021e-02
1.000000000000000021e-02
1.000000000000000021e-02
1.000000000000000021e-02
1.000000000000000021e-02
1.000000000000000021e-02
1.000000000000000021e-02
1.000000000000000021e-02
1.000000000000000021e-02
1.000000000000000021e-02
1.000000000000000021e-02
1.000000000000000021e-02
1.000000000000000021e-02
1.000000000000000021e-02
1.000000000000000021e-02
1.000000000000000021e-02
1.000000000000000021e-02
1.000000000000000021e-02
1.000000000000000021e-02
1.000000000000000021e-02
1.000000000000000021e-02
1.000000000000000021e-02
1.000000000000000021e-02
1.000000000000000021e-02
1.000000000000000021e-02
1.000000000000000021e-02
1.000000000000000021e-02
1.000000000000000021e-02
1.000000000000000021e-02
1.008829638443670997e-02
1.008829638443670997e-02
1.103131580911777092e-02
1.103131580911777092e-02
1.100294457137918069e-02
1.100294457137918069e-02
1.170627576481201616e-02
1.170627576481201616e-02
1.211328801949144648e-02
1.211328801949144648e-02
1.122709304171774607e-02
1.122709304171774607e-02
1.205506328904297660e-02
1.205506328904297660e-02
1.048755495584413611e-02
1.048755495584413611e-02
1.000000000000000021e-02
1.000000000000000021e-02
1.000000000000000021e-02
1.000000000000000021e-02
1.000000000000000021e-02
1.000000000000000021e-02
1.000000000000000021e-02
1.000000000000000021e-02
1.000000000000000021e-02
1.000000000000000021e-02
1.000000000000000021e-02
1.000000000000000021e-02
1.000000000000000021e-02
1.000000000000000021e-02
1.000000000000000021e-02
1.000000000000000021e-02
1.000000000000000021e-02
1.000000000000000021e-02
1.000000000000000021e-02
1.000000000000000021e-02
1.000000000000000021e-02
1.000000000000000021e-02
1.000000000000000021e-02
1.000000000000000021e-02
1.000000000000000021e-02
1.000000000000000021e-02
1.000000000000000021e-02
1.000000000000000021e-02
1.000000000000000021e-02
1.000000000000000021e-02
1.000000000000000021e-02
1.000000000000000021e-02
1.000000000000000021e-02
1.000000000000000021e-02
1.000000000000000021e-02
1.000000000000000021e-02
1.000000000000000021e-02
1.000000000000000021e-02
1.000000000000000021e-02
1.000000000000000021e-02
1.000000000000000021e-02
1.000000000000000021e-02
1.000000000000000021e-02
1.000000000000000021e-02
1.000000000000000021e-02
1.000000000000000021e-02
1.000000000000000021e-02
1.000000000000000021e-02
1.000000000000000021e-02
1.000000000000000021e-02
1.000000000000000021e-02
1.000000000000000021e-02
1.000000000000000021e-02
1.000000000000000021e-02
1.000000000000000021e-02
1.000000000000000021e-02
1.000000000000000021e-02
1.000000000000000021e-02
1.000000000000000021e-02
1.000000000000000021e-02
1.000000000000000021e-02
1.000000000000000021e-02
1.000000000000000021e-02
1.000000000000000021e-02
1.009273906455376846e-02
1.009273906455376846e-02
1.109535818990430196e-02
1.109535818990430196e-02
1.102656386831814272e-02
1.102656386831814272e-02
1.155313612827488581e-02
1.155313612827488581e-02
1.191189870165985584e-02
1.191189870165985584e-02
1.121613124079110652e-02
1.121613124079110652e-02
1.198972409834257909e-02
1.198972409834257909e-02
1.046222120243485779e-02
1.046222120243485779e-02
1.000000000000000021e-02
1.000000000000000021e-02
1.000000000000000021e-02
1.000000000000000021e-02
1.000000000000000021e-02
1.000000000000000021e-02
1.000000000000000021e-02
1.000000000000000021e-02
1.000000000000000021e-02
1.000000000000000021e-02
1.000000000000000021e-02
1.000000000000000021e-02
1.000000000000000021e-02
1.000000000000000021e-02
1.000000000000000021e-02
1.000000000000000021e-02
1.000000000000000021e-02
1.000000000000000021e-02
1.000000000000000021e-02
1.000000000000000021e-02
1.000000000000000021e-02
1.000000000000000021e-02
1.000000000000000021e-02
1.000000000000000021e-02
1.000000000000000021e-02
1.000000000000000021e-02
1.000000000000000021e-02
1.000000000000000021e-02
1.000000000000000021e-02
1.000000000000000021e-02
1.000000000000000021e-02
1.000000000000000021e-02
1.000000000000000021e-02
1.000000000000000021e-02
1.000000000000000021e-02
1.000000000000000021e-02
1.000000000000000021e-02
1.000000000000000021e-02
1.000000000000000021e-02
1.000000000000000021e-02
1.000000000000000021e-02
1.000000000000000021e-02
1.000000000000000021e-02
1.000000000000000021e-02
1.000000000000000021e-02
1.000000000000000021e-02
1.000000000000000021e-02
1.000000000000000021e-02
1.000000000000000021e-02
1.000000000000000021e-02
1.000000000000000021e-02
1.000000000000000021e-02
1.000000000000000021e-02
1.000000000000000021e-02
1.000000000000000021e-02
1.000000000000000021e-02
1.000000000000000021e-02
1.000000000000000021e-02
1.000000000000000021e-02
1.000000000000000021e-02
1.000000000000000021e-02
1.000000000000000021e-02
1.000000000000000021e-02
1.000000000000000021e-02
1.010211028989217025e-02
1.010211028989217025e-02
1.099788448074855672e-02
1.099788448074855672e-02
1.094496137057454632e-02
1.094496137057454632e-02
1.138712045466651335e-02
1.138712045466651335e-02
1.175589640716743697e-02
1.175589640716743697e-02
1.112175289280264989e-02
1.112175289280264989e-02
1.207142218880016653e-02
1.207142218880016653e-02
1.050731157337724507e-02
1.050731157337724507e-02
1.000000000000000021e-02
1.000000000000000021e-02
1.000000000000000021e-02
1.000000000000000021e-02
1.000000000000000021e-02
1.000000000000000021e-02
1.000000000000000021e-02
1.000000000000000021e-02
1.000000000000000021e-02
1.000000000000000021e-02
1.000000000000000021e-02
1.000000000000000021e-02
1.000000000000000021e-02
1.000000000000000021e-02
1.000000000000000021e-02
1.000000000000000021e-02
1.000000000000000021e-02
1.000000000000000021e-02
1.000000000000000021e-02
1.000000000000000021e-02
1.000000000000000021e-02
1.000000000000000021e-02
1.000000000000000021e-02
1.000000000000000021e-02
1.000000000000000021e-02
1.000000000000000021e-02
1.000000000000000021e-02
1.000000000000000021e-02
1.000000000000000021e-02
1.000000000000000021e-02
1.000000000000000021e-02
1.000000000000000021e-02
1.000000000000000021e-02
1.000000000000000021e-02
1.000000000000000021e-02
1.000000000000000021e-02
1.000000000000000021e-02
1.000000000000000021e-02
1.000000000000000021e-02
1.000000000000000021e-02
1.000000000000000021e-02
1.000000000000000021e-02
1.000000000000000021e-02
1.000000000000000021e-02
1.000000000000000021e-02
1.000000000000000021e-02
1.000000000000000021e-02
1.000000000000000021e-02
1.000000000000000021e-02
1.000000000000000021e-02
1.000000000000000021e-02
1.000000000000000021e-02
1.000000000000000021e-02
1.000000000000000021e-02
1.000000000000000021e-02
1.000000000000000021e-02
1.000000000000000021e-02
1.000000000000000021e-02
1.000000000000000021e-02
1.000000000000000021e-02
1.000000000000000021e-02
1.000000000000000021e-02
1.000000000000000021e-02
1.000000000000000021e-02
1.009921319163765464e-02
1.009921319163765464e-02
1.103469097914865082e-02
1.103469097914865082e-02
1.094498955980077390e-02
1.094498955980077390e-02
1.136805085067119428e-02
1.136805085067119428e-02
1.167007557169819944e-02
1.167007557169819944e-02
1.111895335712871288e-02
1.111895335712871288e-02
1.208260846400677040e-02
1.208260846400677040e-02
1.050813908979849470e-02
1.050813908979849470e-02
1.000000000000000021e-02
1.000000000000000021e-02
1.000000000000000021e-02
1.000000000000000021e-02
1.000000000000000021e-02
1.000000000000000021e-02
1.000000000000000021e-02
1.000000000000000021e-02
1.000000000000000021e-02
1.000000000000000021e-02
1.000000000000000021e-02
1.000000000000000021e-02
1.000000000000000021e-02
1.000000000000000021e-02
1.000000000000000021e-02
1.000000000000000021e-02
1.000000000000000021e-02
1.000000000000000021e-02
1.000000000000000021e-02
1.000000000000000021e-02
1.000000000000000021e-02
1.000000000000000021e-02
1.000000000000000021e-02
1.000000000000000021e-02
1.000000000000000021e-02
1.000000000000000021e-02
1.000000000000000021e-02
1.000000000000000021e-02
1.000000000000000021e-02
1.000000000000000021e-02
1.000000000000000021e-02
1.000000000000000021e-02
1.000000000000000021e-02
1.000000000000000021e-02
1.000000000000000021e-02
1.000000000000000021e-02
1.000000000000000021e-02
1.000000000000000021e-02
1.000000000000000021e-02
1.000000000000000021e-02
1.000000000000000021e-02
1.000000000000000021e-02
1.000000000000000021e-02
1.000000000000000021e-02
1.000000000000000021e-02
1.000000000000000021e-02
1.000000000000000021e-02
1.000000000000000021e-02
1.000000000000000021e-02
1.000000000000000021e-02
1.000000000000000021e-02
1.000000000000000021e-02
1.000000000000000021e-02
1.000000000000000021e-02
1.000000000000000021e-02
1.000000000000000021e-02
1.000000000000000021e-02
1.000000000000000021e-02
1.000000000000000021e-02
1.000000000000000021e-02
1.000000000000000021e-02
1.000000000000000021e-02
1.000000000000000021e-02
1.000000000000000021e-02
1.009971637474941022e-02
1.009971637474941022e-02
1.108445765245280774e-02
1.108445765245280774e-02
1.099036778043172881e-02
1.099036778043172881e-02
1.147732534359272895e-02
1.147732534359272895e-02
1.178315668410761900e-02
1.178315668410761900e-02
1.118641150264182774e-02
1.118641150264182774e-02
1.219635571053829387e-02
1.219635571053829387e-02
1.051555020520419589e-02
1.051555020520419589e-02
1.000000000000000021e-02
1.000000000000000021e-02
1.000000000000000021e-02
1.000000000000000021e-02
1.000000000000000021e-02
1.000000000000000021e-02
1.000000000000000021e-02
1.000000000000000021e-02
1.000000000000000021e-02
1.000000000000000021e-02
1.000000000000000021e-02
1.000000000000000021e-02
1.000000000000000021e-02
1.000000000000000021e-02
1.000000000000000021e-02
1.000000000000000021e-02
1.000000000000000021e-02
1.000000000000000021e-02
1.000000000000000021e-02
1.000000000000000021e-02
1.000000000000000021e-02
1.000000000000000021e-02
1.000000000000000021e-02
1.000000000000000021e-02
1.000000000000000021e-02
1.000000000000000021e-02
1.000000000000000021e-02
1.000000000000000021e-02
1.000000000000000021e-02
1.000000000000000021e-02
1.000000000000000021e-02
1.000000000000000021e-02
1.000000000000000021e-02
1.000000000000000021e-02
1.000000000000000021e-02
1.000000000000000021e-02
1.000000000000000021e-02
1.000000000000000021e-02
1.000000000000000021e-02
1.000000000000000021e-02
1.000000000000000021e-02
1.000000000000000021e-02
1.000000000000000021e-02
1.000000000000000021e-02
1.000000000000000021e-02
1.000000000000000021e-02
1.000000000000000021e-02
1.000000000000000021e-02
1.000000000000000021e-02
1.000000000000000021e-02
1.000000000000000021e-02
1.000000000000000021e-02
1.000000000000000021e-02
1.000000000000000021e-02
1.000000000000000021e-02
1.000000000000000021e-02
1.000000000000000021e-02
1.000000000000000021e-02
1.000000000000000021e-02
1.000000000000000021e-02
1.000000000000000021e-02
1.000000000000000021e-02
1.000000000000000021e-02
1.000000000000000021e-02
1.011114810136308148e-02
1.011114810136308148e-02
1.123758635052938236e-02
1.123758635052938236e-02
1.102450956223715618e-02
1.102450956223715618e-02
1.156057452016794225e-02
1.156057452016794225e-02
1.189041743571349341e-02
1.189041743571349341e-02
1.125395145635219550e-02
1.125395145635219550e-02
1.226822674886122837e-02
1.226822674886122837e-02
1.053005017123054103e-02
1.053005017123054103e-02
1.000000000000000021e-02
1.000000000000000021e-02
1.000000000000000021e-02
1.000000000000000021e-02
1.000000000000000021e-02
1.000000000000000021e-02
1.000000000000000021e-02
1.000000000000000021e-02
1.000000000000000021e-02
1.000000000000000021e-02
1.000000000000000021e-02
1.000000000000000021e-02
1.000000000000000021e-02
1.000000000000000021e-02
1.000000000000000021e-02
1.000000000000000021e-02
1.000000000000000021e-02
1.000000000000000021e-02
1.000000000000000021e-02
1.000000000000000021e-02
1.000000000000000021e-02
1.000000000000000021e-02
1.000000000000000021e-02
1.000000000000000021e-02
1.000000000000000021e-02
1.000000000000000021e-02
1.000000000000000021e-02
1.000000000000000021e-02
1.000000000000000021e-02
1.000000000000000021e-02
1.000000000000000021e-02
1.000000000000000021e-02
1.000000000000000021e-02
1.000000000000000021e-02
1.000000000000000021e-02
1.000000000000000021e-02
1.000000000000000021e-02
1.000000000000000021e-02
1.000000000000000021e-02
1.000000000000000021e-02
1.000000000000000021e-02
1.000000000000000021e-02
1.000000000000000021e-02
1.000000000000000021e-02
1.000000000000000021e-02
1.000000000000000021e-02
1.000000000000000021e-02
1.000000000000000021e-02
1.000000000000000021e-02
1.000000000000000021e-02
1.000000000000000021e-02
1.000000000000000021e-02
1.000000000000000021e-02
1.000000000000000021e-02
1.000000000000000021e-02
1.000000000000000021e-02
1.000000000000000021e-02
1.000000000000000021e-02
1.000000000000000021e-02
1.000000000000000021e-02
1.000000000000000021e-02
1.000000000000000021e-02
1.000000000000000021e-02
1.000000000000000021e-02
1.011615641809746231e-02
1.011615641809746231e-02
1.119248851376660088e-02
1.119248851376660088e-02
1.108145971481979374e-02
1.108145971481979374e-02
1.158555779991473668e-02
1.158555779991473668e-02
1.184322366196890325e-02
1.184322366196890325e-02
1.126822066827481983e-02
1.126822066827481983e-02
1.226277344095978716e-02
1.226277344095978716e-02
1.053296680196253929e-02
1.053296680196253929e-02
1.000000000000000021e-02
1.000000000000000021e-02
1.000000000000000021e-02
1.000000000000000021e-02
1.000000000000000021e-02
1.000000000000000021e-02
1.000000000000000021e-02
1.000000000000000021e-02
1.000000000000000021e-02
1.000000000000000021e-02
1.000000000000000021e-02
1.000000000000000021e-02
1.000000000000000021e-02
1.000000000000000021e-02
1.000000000000000021e-02
1.000000000000000021e-02
1.000000000000000021e-02
1.000000000000000021e-02
1.000000000000000021e-02
1.000000000000000021e-02
1.000000000000000021e-02
1.000000000000000021e-02
1.000000000000000021e-02
1.000000000000000021e-02
1.000000000000000021e-02
1.000000000000000021e-02
1.000000000000000021e-02
1.000000000000000021e-02
1.000000000000000021e-02
1.000000000000000021e-02
1.000000000000000021e-02
1.000000000000000021e-02
1.000000000000000021e-02
1.000000000000000021e-02
1.000000000000000021e-02
1.000000000000000021e-02
1.000000000000000021e-02
1.000000000000000021e-02
1.000000000000000021e-02
1.000000000000000021e-02
1.000000000000000021e-02
1.000000000000000021e-02
1.000000000000000021e-02
1.000000000000000021e-02
1.000000000000000021e-02
1.000000000000000021e-02
1.000000000000000021e-02
1.000000000000000021e-02
1.000000000000000021e-02
1.000000000000000021e-02
1.000000000000000021e-02
1.000000000000000021e-02
1.000000000000000021e-02
1.000000000000000021e-02
1.000000000000000021e-02
1.000000000000000021e-02
1.000000000000000021e-02
1.000000000000000021e-02
1.000000000000000021e-02
1.000000000000000021e-02
1.000000000000000021e-02
1.000000000000000021e-02
1.000000000000000021e-02
1.000000000000000021e-02
1.011948458776408717e-02
1.011948458776408717e-02
1.122493982024790060e-02
1.122493982024790060e-02
1.105190910061208849e-02
1.105190910061208849e-02
1.161285392965250712e-02
1.161285392965250712e-02
1.184255998692552471e-02
1.184255998692552471e-02
1.125949097261862500e-02
1.125949097261862500e-02
1.232855230302328485e-02
1.232855230302328485e-02
1.054340582321472257e-02
1.054340582321472257e-02
1.000000000000000021e-02
1.000000000000000021e-02
1.000000000000000021e-02
1.000000000000000021e-02
1.000000000000000021e-02
1.000000000000000021e-02
1.000000000000000021e-02
1.000000000000000021e-02
1.000000000000000021e-02
1.000000000000000021e-02
1.000000000000000021e-02
1.000000000000000021e-02
1.000000000000000021e-02
1.000000000000000021e-02
1.000000000000000021e-02
1.000000000000000021e-02
1.000000000000000021e-02
1.000000000000000021e-02
1.000000000000000021e-02
1.000000000000000021e-02
1.000000000000000021e-02
1.000000000000000021e-02
1.000000000000000021e-02
1.000000000000000021e-02
1.000000000000000021e-02
1.000000000000000021e-02
1.000000000000000021e-02
1.000000000000000021e-02
1.000000000000000021e-02
1.000000000000000021e-02
1.000000000000000021e-02
1.000000000000000021e-02
1.000000000000000021e-02
1.000000000000000021e-02
1.000000000000000021e-02
1.000000000000000021e-02
1.000000000000000021e-02
1.000000000000000021e-02
1.000000000000000021e-02
1.000000000000000021e-02
1.000000000000000021e-02
1.000000000000000021e-02
1.000000000000000021e-02
1.000000000000000021e-02
1.000000000000000021e-02
1.000000000000000021e-02
1.000000000000000021e-02
1.000000000000000021e-02
1.000000000000000021e-02
1.000000000000000021e-02
1.000000000000000021e-02
1.000000000000000021e-02
1.000000000000000021e-02
1.000000000000000021e-02
1.000000000000000021e-02
1.000000000000000021e-02
1.000000000000000021e-02
1.000000000000000021e-02
1.000000000000000021e-02
1.000000000000000021e-02
1.000000000000000021e-02
1.000000000000000021e-02
1.000000000000000021e-02
1.000000000000000021e-02
1.011414680699976483e-02
1.011414680699976483e-02
1.122934296690610012e-02
1.122934296690610012e-02
1.109183305020822879e-02
1.109183305020822879e-02
1.158886404881025005e-02
1.158886404881025005e-02
1.181396859997273750e-02
1.181396859997273750e-02
1.124631224123648354e-02
1.124631224123648354e-02
1.230434543957165637e-02
1.230434543957165637e-02
1.052135895573994354e-02
1.052135895573994354e-02
1.000000000000000021e-02
1.000000000000000021e-02
1.000000000000000021e-02
1.000000000000000021e-02
1.000000000000000021e-02
1.000000000000000021e-02
1.000000000000000021e-02
1.000000000000000021e-02
1.000000000000000021e-02
1.000000000000000021e-02
1.000000000000000021e-02
1.000000000000000021e-02
1.000000000000000021e-02
1.000000000000000021e-02
1.000000000000000021e-02
1.000000000000000021e-02
1.000000000000000021e-02
1.000000000000000021e-02
1.000000000000000021e-02
1.000000000000000021e-02
1.000000000000000021e-02
1.000000000000000021e-02
1.000000000000000021e-02
1.000000000000000021e-02
1.000000000000000021e-02
1.000000000000000021e-02
1.000000000000000021e-02
1.000000000000000021e-02
1.000000000000000021e-02
1.000000000000000021e-02
1.000000000000000021e-02
1.000000000000000021e-02
1.000000000000000021e-02
1.000000000000000021e-02
1.000000000000000021e-02
1.000000000000000021e-02
1.000000000000000021e-02
1.000000000000000021e-02
1.000000000000000021e-02
1.000000000000000021e-02
1.000000000000000021e-02
1.000000000000000021e-02
1.000000000000000021e-02
1.000000000000000021e-02
1.000000000000000021e-02
1.000000000000000021e-02
1.000000000000000021e-02
1.000000000000000021e-02
1.000000000000000021e-02
1.000000000000000021e-02
1.000000000000000021e-02
1.000000000000000021e-02
1.000000000000000021e-02
1.000000000000000021e-02
1.000000000000000021e-02
1.000000000000000021e-02
1.000000000000000021e-02
1.000000000000000021e-02
1.000000000000000021e-02
1.000000000000000021e-02
1.000000000000000021e-02
1.000000000000000021e-02
1.000000000000000021e-02
1.000000000000000021e-02
1.010583402704121753e-02
1.010583402704121753e-02
1.115248880817171391e-02
1.115248880817171391e-02
1.107062586746804071e-02
1.107062586746804071e-02
1.156276729157482142e-02
1.156276729157482142e-02
1.181274789516661809e-02
1.181274789516661809e-02
1.123969549568462969e-02
1.123969549568462969e-02
1.222973968823606872e-02
1.222973968823606872e-02
1.048107360166287971e-02
1.048107360166287971e-02
1.000000000000000021e-02
1.000000000000000021e-02
1.000000000000000021e-02
1.000000000000000021e-02
1.000000000000000021e-02
1.000000000000000021e-02
1.000000000000000021e-02
1.000000000000000021e-02
1.000000000000000021e-02
1.000000000000000021e-02
1.000000000000000021e-02
1.000000000000000021e-02
1.000000000000000021e-02
1.000000000000000021e-02
1.000000000000000021e-02
1.000000000000000021e-02
1.000000000000000021e-02
1.000000000000000021e-02
1.000000000000000021e-02
1.000000000000000021e-02
1.000000000000000021e-02
1.000000000000000021e-02
1.000000000000000021e-02
1.000000000000000021e-02
1.000000000000000021e-02
1.000000000000000021e-02
1.000000000000000021e-02
1.000000000000000021e-02
1.000000000000000021e-02
1.000000000000000021e-02
1.000000000000000021e-02
1.000000000000000021e-02
1.000000000000000021e-02
1.000000000000000021e-02
1.000000000000000021e-02
1.000000000000000021e-02
1.000000000000000021e-02
1.000000000000000021e-02
1.000000000000000021e-02
1.000000000000000021e-02
1.000000000000000021e-02
1.000000000000000021e-02
1.000000000000000021e-02
1.000000000000000021e-02
1.000000000000000021e-02
1.000000000000000021e-02
1.000000000000000021e-02
1.000000000000000021e-02
1.000000000000000021e-02
1.000000000000000021e-02
1.000000000000000021e-02
1.000000000000000021e-02
1.000000000000000021e-02
1.000000000000000021e-02
1.000000000000000021e-02
1.000000000000000021e-02
1.000000000000000021e-02
1.000000000000000021e-02
1.000000000000000021e-02
1.000000000000000021e-02
1.000000000000000021e-02
1.000000000000000021e-02
1.000000000000000021e-02
1.000000000000000021e-02
1.009254169318588544e-02
1.009254169318588544e-02
1.109464953061208362e-02
1.109464953061208362e-02
1.101287699045805195e-02
1.101287699045805195e-02
1.156097845596495803e-02
1.156097845596495803e-02
1.182662384696241825e-02
1.182662384696241825e-02
1.120186814585242066e-02
1.120186814585242066e-02
1.216286135683857655e-02
1.216286135683857655e-02
1.046073119846190752e-02
1.046073119846190752e-02
1.000000000000000021e-02
1.000000000000000021e-02
1.000000000000000021e-02
1.000000000000000021e-02
1.000000000000000021e-02
1.000000000000000021e-02
1.000000000000000021e-02
1.000000000000000021e-02
1.000000000000000021e-02
1.000000000000000021e-02
1.000000000000000021e-02
1.000000000000000021e-02
1.000000000000000021e-02
1.000000000000000021e-02
1.000000000000000021e-02
1.000000000000000021e-02
1.000000000000000021e-02
1.000000000000000021e-02
1.000000000000000021e-02
1.000000000000000021e-02
1.000000000000000021e-02
1.000000000000000021e-02
1.000000000000000021e-02
1.000000000000000021e-02
1.000000000000000021e-02
1.000000000000000021e-02
1.000000000000000021e-02
1.000000000000000021e-02
1.000000000000000021e-02
1.000000000000000021e-02
1.000000000000000021e-02
1.000000000000000021e-02
1.000000000000000021e-02
1.000000000000000021e-02
1.000000000000000021e-02
1.000000000000000021e-02
1.000000000000000021e-02
1.000000000000000021e-02
1.000000000000000021e-02
1.000000000000000021e-02
1.000000000000000021e-02
1.000000000000000021e-02
1.000000000000000021e-02
1.000000000000000021e-02
1.000000000000000021e-02
1.000000000000000021e-02
1.000000000000000021e-02
1.000000000000000021e-02
1.000000000000000021e-02
1.000000000000000021e-02
1.000000000000000021e-02
1.000000000000000021e-02
1.000000000000000021e-02
1.000000000000000021e-02
1.000000000000000021e-02
1.000000000000000021e-02
1.000000000000000021e-02
1.000000000000000021e-02
1.000000000000000021e-02
1.000000000000000021e-02
1.000000000000000021e-02
1.000000000000000021e-02
1.000000000000000021e-02
1.000000000000000021e-02
1.009744190564326391e-02
1.009744190564326391e-02
1.109470853030519386e-02
1.109470853030519386e-02
1.099542400042133328e-02
1.099542400042133328e-02
1.148783399119002353e-02
1.148783399119002353e-02
1.186016588255921732e-02
1.186016588255921732e-02
1.117265924641394799e-02
1.117265924641394799e-02
1.215669504997125491e-02
1.215669504997125491e-02
1.046551912180299256e-02
1.046551912180299256e-02
1.000000000000000021e-02
1.000000000000000021e-02
1.000000000000000021e-02
1.000000000000000021e-02
1.000000000000000021e-02
1.000000000000000021e-02
1.000000000000000021e-02
1.000000000000000021e-02
1.000000000000000021e-02
1.000000000000000021e-02
1.000000000000000021e-02
1.000000000000000021e-02
1.000000000000000021e-02
1.000000000000000021e-02
1.000000000000000021e-02
1.000000000000000021e-02
1.000000000000000021e-02
1.000000000000000021e-02
1.000000000000000021e-02
1.000000000000000021e-02
1.000000000000000021e-02
1.000000000000000021e-02
1.000000000000000021e-02
1.000000000000000021e-02
1.000000000000000021e-02
1.000000000000000021e-02
1.000000000000000021e-02
1.000000000000000021e-02
1.000000000000000021e-02
1.000000000000000021e-02
1.000000000000000021e-02
1.000000000000000021e-02
1.000000000000000021e-02
1.000000000000000021e-02
1.000000000000000021e-02
1.000000000000000021e-02
1.000000000000000021e-02
1.000000000000000021e-02
1.000000000000000021e-02
1.000000000000000021e-02
1.000000000000000021e-02
1.000000000000000021e-02
1.000000000000000021e-02
1.000000000000000021e-02
1.000000000000000021e-02
1.000000000000000021e-02
1.000000000000000021e-02
1.000000000000000021e-02
1.000000000000000021e-02
1.000000000000000021e-02
1.000000000000000021e-02
1.000000000000000021e-02
1.000000000000000021e-02
1.000000000000000021e-02
1.000000000000000021e-02
1.000000000000000021e-02
1.000000000000000021e-02
1.000000000000000021e-02
1.000000000000000021e-02
1.000000000000000021e-02
1.000000000000000021e-02
1.000000000000000021e-02
1.000000000000000021e-02
1.000000000000000021e-02
1.010288291214440914e-02
1.010288291214440914e-02
1.105942980838115278e-02
1.105942980838115278e-02
1.098884850120703492e-02
1.098884850120703492e-02
1.140591440308629835e-02
1.140591440308629835e-02
1.158070767557396220e-02
1.158070767557396220e-02
1.116090357769258801e-02
1.116090357769258801e-02
1.206583502319009092e-02
1.206583502319009092e-02
1.048314807387739495e-02
1.048314807387739495e-02
1.000000000000000021e-02
1.000000000000000021e-02
1.000000000000000021e-02
1.000000000000000021e-02
1.000000000000000021e-02
1.000000000000000021e-02
1.000000000000000021e-02
1.000000000000000021e-02
1.000000000000000021e-02
1.000000000000000021e-02
1.000000000000000021e-02
1.000000000000000021e-02
1.000000000000000021e-02
1.000000000000000021e-02
1.000000000000000021e-02
1.000000000000000021e-02
1.000000000000000021e-02
1.000000000000000021e-02
1.000000000000000021e-02
1.000000000000000021e-02
1.000000000000000021e-02
1.000000000000000021e-02
1.000000000000000021e-02
1.000000000000000021e-02
1.000000000000000021e-02
1.000000000000000021e-02
1.000000000000000021e-02
1.000000000000000021e-02
1.000000000000000021e-02
1.000000000000000021e-02
1.000000000000000021e-02
1.000000000000000021e-02
1.000000000000000021e-02
1.000000000000000021e-02
1.000000000000000021e-02
1.000000000000000021e-02
1.000000000000000021e-02
1.000000000000000021e-02
1.000000000000000021e-02
1.000000000000000021e-02
1.000000000000000021e-02
1.000000000000000021e-02
1.000000000000000021e-02
1.000000000000000021e-02
1.000000000000000021e-02
1.000000000000000021e-02
1.000000000000000021e-02
1.000000000000000021e-02
1.000000000000000021e-02
1.000000000000000021e-02
1.000000000000000021e-02
1.000000000000000021e-02
1.000000000000000021e-02
1.000000000000000021e-02
1.000000000000000021e-02
1.000000000000000021e-02
1.000000000000000021e-02
1.000000000000000021e-02
1.000000000000000021e-02
1.000000000000000021e-02
1.000000000000000021e-02
1.000000000000000021e-02
1.000000000000000021e-02
1.000000000000000021e-02
1.010767012526239163e-02
1.010767012526239163e-02
1.109279393899164495e-02
1.109279393899164495e-02
1.093934275273937030e-02
1.093934275273937030e-02
1.137604362272388522e-02
1.137604362272388522e-02
1.169988352617180004e-02
1.169988352617180004e-02
1.112677100273450764e-02
1.112677100273450764e-02
1.231035946331741904e-02
1.231035946331741904e-02
1.050256734902913804e-02
1.050256734902913804e-02
1.000000000000000021e-02
1.000000000000000021e-02
1.000000000000000021e-02
1.000000000000000021e-02
1.000000000000000021e-02
1.000000000000000021e-02
1.000000000000000021e-02
1.000000000000000021e-02
1.000000000000000021e-02
1.000000000000000021e-02
1.000000000000000021e-02
1.000000000000000021e-02
1.000000000000000021e-02
1.000000000000000021e-02
1.000000000000000021e-02
1.000000000000000021e-02
1.000000000000000021e-02
1.000000000000000021e-02
1.000000000000000021e-02
1.000000000000000021e-02
1.000000000000000021e-02
1.000000000000000021e-02
1.000000000000000021e-02
1.000000000000000021e-02
1.000000000000000021e-02
1.000000000000000021e-02
1.000000000000000021e-02
1.000000000000000021e-02
1.000000000000000021e-02
1.000000000000000021e-02
1.000000000000000021e-02
1.000000000000000021e-02
1.000000000000000021e-02
1.000000000000000021e-02
1.000000000000000021e-02
1.000000000000000021e-02
1.000000000000000021e-02
1.000000000000000021e-02
1.000000000000000021e-02
1.000000000000000021e-02
1.000000000000000021e-02
1.000000000000000021e-02
1.000000000000000021e-02
1.000000000000000021e-02
1.000000000000000021e-02
1.000000000000000021e-02
1.000000000000000021e-02
1.000000000000000021e-02
1.000000000000000021e-02
1.000000000000000021e-02
1.000000000000000021e-02
1.000000000000000021e-02
1.000000000000000021e-02
1.000000000000000021e-02
1.000000000000000021e-02
1.000000000000000021e-02
1.000000000000000021e-02
1.000000000000000021e-02
1.000000000000000021e-02
1.000000000000000021e-02
1.000000000000000021e-02
1.000000000000000021e-02
1.000000000000000021e-02
1.000000000000000021e-02
1.009834843525131247e-02
1.009834843525131247e-02
1.109469663912092223e-02
1.109469663912092223e-02
1.102988719939672520e-02
1.102988719939672520e-02
1.144132838816587852e-02
1.144132838816587852e-02
1.178670852099159179e-02
1.178670852099159179e-02
1.122428135654133033e-02
1.122428135654133033e-02
1.211612027588458013e-02
1.211612027588458013e-02
1.044441000724316906e-02
1.044441000724316906e-02
1.000000000000000021e-02
1.000000000000000021e-02
1.000000000000000021e-02
1.000000000000000021e-02
1.000000000000000021e-02
1.000000000000000021e-02
1.000000000000000021e-02
1.000000000000000021e-02
1.000000000000000021e-02
1.000000000000000021e-02
1.000000000000000021e-02
1.000000000000000021e-02
1.000000000000000021e-02
1.000000000000000021e-02
1.000000000000000021e-02
1.000000000000000021e-02
1.000000000000000021e-02
1.000000000000000021e-02
1.000000000000000021e-02
1.000000000000000021e-02
1.000000000000000021e-02
1.000000000000000021e-02
1.000000000000000021e-02
1.000000000000000021e-02
1.000000000000000021e-02
1.000000000000000021e-02
1.000000000000000021e-02
1.000000000000000021e-02
1.000000000000000021e-02
1.000000000000000021e-02
1.000000000000000021e-02
1.000000000000000021e-02
1.000000000000000021e-02
1.000000000000000021e-02
1.000000000000000021e-02
1.000000000000000021e-02
1.000000000000000021e-02
1.000000000000000021e-02
1.000000000000000021e-02
1.000000000000000021e-02
1.000000000000000021e-02
1.000000000000000021e-02
1.000000000000000021e-02
1.000000000000000021e-02
1.000000000000000021e-02
1.000000000000000021e-02
1.000000000000000021e-02
1.000000000000000021e-02
1.000000000000000021e-02
1.000000000000000021e-02
1.000000000000000021e-02
1.000000000000000021e-02
1.000000000000000021e-02
1.000000000000000021e-02
1.000000000000000021e-02
1.000000000000000021e-02
1.000000000000000021e-02
1.000000000000000021e-02
1.000000000000000021e-02
1.000000000000000021e-02
1.000000000000000021e-02
1.000000000000000021e-02
1.000000000000000021e-02
1.000000000000000021e-02
1.010327257136645410e-02
1.010327257136645410e-02
1.100597628172397119e-02
1.100597628172397119e-02
1.107185105565651299e-02
1.107185105565651299e-02
1.148454013713239540e-02
1.148454013713239540e-02
1.263149514804465939e-02
1.263149514804465939e-02
1.144271237843325073e-02
1.144271237843325073e-02
1.220017229341012997e-02
1.220017229341012997e-02
1.046802258808285889e-02
1.046802258808285889e-02
1.000000000000000021e-02
1.000000000000000021e-02
1.000000000000000021e-02
1.000000000000000021e-02
1.000000000000000021e-02
1.000000000000000021e-02
1.000000000000000021e-02
1.000000000000000021e-02
1.000000000000000021e-02
1.000000000000000021e-02
1.000000000000000021e-02
1.000000000000000021e-02
1.000000000000000021e-02
1.000000000000000021e-02
1.000000000000000021e-02
1.000000000000000021e-02
1.000000000000000021e-02
1.000000000000000021e-02
1.000000000000000021e-02
1.000000000000000021e-02
1.000000000000000021e-02
1.000000000000000021e-02
1.000000000000000021e-02
1.000000000000000021e-02
1.000000000000000021e-02
1.000000000000000021e-02
1.000000000000000021e-02
1.000000000000000021e-02
1.000000000000000021e-02
1.000000000000000021e-02
1.000000000000000021e-02
1.000000000000000021e-02
1.000000000000000021e-02
1.000000000000000021e-02
1.000000000000000021e-02
1.000000000000000021e-02
1.000000000000000021e-02
1.000000000000000021e-02
1.000000000000000021e-02
1.000000000000000021e-02
1.000000000000000021e-02
1.000000000000000021e-02
1.000000000000000021e-02
1.000000000000000021e-02
1.000000000000000021e-02
1.000000000000000021e-02
1.000000000000000021e-02
1.000000000000000021e-02
1.000000000000000021e-02
1.000000000000000021e-02
1.000000000000000021e-02
1.000000000000000021e-02
1.000000000000000021e-02
1.000000000000000021e-02
1.000000000000000021e-02
1.000000000000000021e-02
1.000000000000000021e-02
1.000000000000000021e-02
1.000000000000000021e-02
1.000000000000000021e-02
1.000000000000000021e-02
1.000000000000000021e-02
1.000000000000000021e-02
1.000000000000000021e-02
1.012187521296236195e-02
1.012187521296236195e-02
1.121150036985741130e-02
1.121150036985741130e-02
1.106666648950291841e-02
1.106666648950291841e-02
1.159260355052534747e-02
1.159260355052534747e-02
1.212045134695784870e-02
1.212045134695784870e-02
1.128838115952258796e-02
1.128838115952258796e-02
1.234385047835662684e-02
1.234385047835662684e-02
1.055104101948399833e-02
1.055104101948399833e-02
1.000000000000000021e-02
1.000000000000000021e-02
1.000000000000000021e-02
1.000000000000000021e-02
1.000000000000000021e-02
1.000000000000000021e-02
1.000000000000000021e-02
1.000000000000000021e-02
1.000000000000000021e-02
1.000000000000000021e-02
1.000000000000000021e-02
1.000000000000000021e-02
1.000000000000000021e-02
1.000000000000000021e-02
1.000000000000000021e-02
1.000000000000000021e-02
1.000000000000000021e-02
1.000000000000000021e-02
1.000000000000000021e-02
1.000000000000000021e-02
1.000000000000000021e-02
1.000000000000000021e-02
1.000000000000000021e-02
1.000000000000000021e-02
1.000000000000000021e-02
1.000000000000000021e-02
1.000000000000000021e-02
1.000000000000000021e-02
1.000000000000000021e-02
1.000000000000000021e-02
1.000000000000000021e-02
1.000000000000000021e-02
1.000000000000000021e-02
1.000000000000000021e-02
1.000000000000000021e-02
1.000000000000000021e-02
1.000000000000000021e-02
1.000000000000000021e-02
1.000000000000000021e-02
1.000000000000000021e-02
1.000000000000000021e-02
1.000000000000000021e-02
1.000000000000000021e-02
1.000000000000000021e-02
1.000000000000000021e-02
1.000000000000000021e-02
1.000000000000000021e-02
1.000000000000000021e-02
1.000000000000000021e-02
1.000000000000000021e-02
1.000000000000000021e-02
1.000000000000000021e-02
1.000000000000000021e-02
1.000000000000000021e-02
1.000000000000000021e-02
1.000000000000000021e-02
1.000000000000000021e-02
1.000000000000000021e-02
1.000000000000000021e-02
1.000000000000000021e-02
1.000000000000000021e-02
1.000000000000000021e-02
1.000000000000000021e-02
1.000000000000000021e-02
1.012778696517012585e-02
1.012778696517012585e-02
1.125505261427845599e-02
1.125505261427845599e-02
1.128606765659590470e-02
1.128606765659590470e-02
1.216273656845733367e-02
1.216273656845733367e-02
1.203488315394588525e-02
1.203488315394588525e-02
1.142106202599413659e-02
1.142106202599413659e-02
1.372747796495018234e-02
1.372747796495018234e-02
1.079659634240577940e-02
1.079659634240577940e-02
1.000000000000000021e-02
1.000000000000000021e-02
1.000000000000000021e-02
1.000000000000000021e-02
1.000000000000000021e-02
1.000000000000000021e-02
1.000000000000000021e-02
1.000000000000000021e-02
1.000000000000000021e-02
1.000000000000000021e-02
1.000000000000000021e-02
1.000000000000000021e-02
1.000000000000000021e-02
1.000000000000000021e-02
1.000000000000000021e-02
1.000000000000000021e-02
1.000000000000000021e-02
1.000000000000000021e-02
1.000000000000000021e-02
1.000000000000000021e-02
1.000000000000000021e-02
1.000000000000000021e-02
1.000000000000000021e-02
1.000000000000000021e-02
1.000000000000000021e-02
1.000000000000000021e-02
1.000000000000000021e-02
1.000000000000000021e-02
1.000000000000000021e-02
1.000000000000000021e-02
1.000000000000000021e-02
1.000000000000000021e-02
1.000000000000000021e-02
1.000000000000000021e-02
1.000000000000000021e-02
1.000000000000000021e-02
1.000000000000000021e-02
1.000000000000000021e-02
1.000000000000000021e-02
1.000000000000000021e-02
1.000000000000000021e-02
1.000000000000000021e-02
1.000000000000000021e-02
1.000000000000000021e-02
1.000000000000000021e-02
1.000000000000000021e-02
1.000000000000000021e-02
1.000000000000000021e-02
1.000000000000000021e-02
1.000000000000000021e-02
1.000000000000000021e-02
1.000000000000000021e-02
1.000000000000000021e-02
1.000000000000000021e-02
1.000000000000000021e-02
1.000000000000000021e-02
1.000000000000000021e-02
1.000000000000000021e-02
1.000000000000000021e-02
1.000000000000000021e-02
1.000000000000000021e-02
1.000000000000000021e-02
1.000000000000000021e-02
1.000000000000000021e-02
1.014037114244219218e-02
1.014037114244219218e-02
1.130391284247873364e-02
1.130391284247873364e-02
1.128899485647381559e-02
1.128899485647381559e-02
1.195875421456799904e-02
1.195875421456799904e-02
1.182916472042246959e-02
1.182916472042246959e-02
1.146160112141274452e-02
1.146160112141274452e-02
1.238180156357262390e-02
1.238180156357262390e-02
1.065196058273652421e-02
1.065196058273652421e-02
1.000000000000000021e-02
1.000000000000000021e-02
1.000000000000000021e-02
1.000000000000000021e-02
1.000000000000000021e-02
1.000000000000000021e-02
1.000000000000000021e-02
1.000000000000000021e-02
1.000000000000000021e-02
1.000000000000000021e-02
1.000000000000000021e-02
1.000000000000000021e-02
1.000000000000000021e-02
1.000000000000000021e-02
1.000000000000000021e-02
1.000000000000000021e-02
1.000000000000000021e-02
1.000000000000000021e-02
1.000000000000000021e-02
1.000000000000000021e-02
1.000000000000000021e-02
1.000000000000000021e-02
1.000000000000000021e-02
1.000000000000000021e-02
1.000000000000000021e-02
1.000000000000000021e-02
1.000000000000000021e-02
1.000000000000000021e-02
1.000000000000000021e-02
1.000000000000000021e-02
1.000000000000000021e-02
1.000000000000000021e-02
1.000000000000000021e-02
1.000000000000000021e-02
1.000000000000000021e-02
1.000000000000000021e-02
1.000000000000000021e-02
1.000000000000000021e-02
1.000000000000000021e-02
1.000000000000000021e-02
1.000000000000000021e-02
1.000000000000000021e-02
1.000000000000000021e-02
1.000000000000000021e-02
1.000000000000000021e-02
1.000000000000000021e-02
1.000000000000000021e-02
1.000000000000000021e-02
1.000000000000000021e-02
1.000000000000000021e-02
1.000000000000000021e-02
1.000000000000000021e-02
1.000000000000000021e-02
1.000000000000000021e-02
1.000000000000000021e-02
1.000000000000000021e-02
1.000000000000000021e-02
1.000000000000000021e-02
1.000000000000000021e-02
1.000000000000000021e-02
1.000000000000000021e-02
1.000000000000000021e-02
1.000000000000000021e-02
1.000000000000000021e-02
1.054542118753608662e-02
1.054542118753608662e-02
1.216202895288807928e-02
1.216202895288807928e-02
1.157202986537012035e-02
1.157202986537012035e-02
1.146330100594847301e-02
1.146330100594847301e-02
1.135246297464465731e-02
1.135246297464465731e-02
1.177604836119557075e-02
1.177604836119557075e-02
1.240885288477544014e-02
1.240885288477544014e-02
1.144488715140789224e-02
1.144488715140789224e-02
1.000000000000000021e-02
1.000000000000000021e-02
1.000000000000000021e-02
1.000000000000000021e-02
1.000000000000000021e-02
1.000000000000000021e-02
1.000000000000000021e-02
1.000000000000000021e-02
1.000000000000000021e-02
1.000000000000000021e-02
1.000000000000000021e-02
1.000000000000000021e-02
1.000000000000000021e-02
1.000000000000000021e-02
1.000000000000000021e-02
1.000000000000000021e-02
1.000000000000000021e-02
1.000000000000000021e-02
1.000000000000000021e-02
1.000000000000000021e-02
1.000000000000000021e-02
1.000000000000000021e-02
1.000000000000000021e-02
1.000000000000000021e-02
1.000000000000000021e-02
1.000000000000000021e-02
1.000000000000000021e-02
1.000000000000000021e-02
1.000000000000000021e-02
1.000000000000000021e-02
1.000000000000000021e-02
1.000000000000000021e-02
1.000000000000000021e-02
1.000000000000000021e-02
1.000000000000000021e-02
1.000000000000000021e-02
1.000000000000000021e-02
1.000000000000000021e-02
1.000000000000000021e-02
1.000000000000000021e-02
1.000000000000000021e-02
1.000000000000000021e-02
1.000000000000000021e-02
1.000000000000000021e-02
1.000000000000000021e-02
1.000000000000000021e-02
1.000000000000000021e-02
1.000000000000000021e-02
1.000000000000000021e-02
1.000000000000000021e-02
1.000000000000000021e-02
1.000000000000000021e-02
1.000000000000000021e-02
1.000000000000000021e-02
1.000000000000000021e-02
1.000000000000000021e-02
1.000000000000000021e-02
1.000000000000000021e-02
1.000000000000000021e-02
1.000000000000000021e-02
1.000000000000000021e-02
1.000000000000000021e-02
1.000000000000000021e-02
1.000000000000000021e-02
1.026741388230484504e-02
1.026741388230484504e-02
1.120357957881422915e-02
1.120357957881422915e-02
1.131506480728430852e-02
1.131506480728430852e-02
1.155198318163887759e-02
1.155198318163887759e-02
1.144303173861889282e-02
1.144303173861889282e-02
1.157309659972981242e-02
1.157309659972981242e-02
1.156650599474189772e-02
1.156650599474189772e-02
1.100556372046720445e-02
1.100556372046720445e-02
1.000000000000000021e-02
1.000000000000000021e-02
1.000000000000000021e-02
1.000000000000000021e-02
1.000000000000000021e-02
1.000000000000000021e-02
1.000000000000000021e-02
1.000000000000000021e-02
1.000000000000000021e-02
1.000000000000000021e-02
1.000000000000000021e-02
1.000000000000000021e-02
1.000000000000000021e-02
1.000000000000000021e-02
1.000000000000000021e-02
1.000000000000000021e-02
1.000000000000000021e-02
1.000000000000000021e-02
1.000000000000000021e-02
1.000000000000000021e-02
1.000000000000000021e-02
1.000000000000000021e-02
1.000000000000000021e-02
1.000000000000000021e-02
1.000000000000000021e-02
1.000000000000000021e-02
1.000000000000000021e-02
1.000000000000000021e-02
1.000000000000000021e-02
1.000000000000000021e-02
1.000000000000000021e-02
1.000000000000000021e-02
1.000000000000000021e-02
1.000000000000000021e-02
1.000000000000000021e-02
1.000000000000000021e-02
1.000000000000000021e-02
1.000000000000000021e-02
1.000000000000000021e-02
1.000000000000000021e-02
1.000000000000000021e-02
1.000000000000000021e-02
1.000000000000000021e-02
1.000000000000000021e-02
1.000000000000000021e-02
1.000000000000000021e-02
1.000000000000000021e-02
1.000000000000000021e-02
1.000000000000000021e-02
1.000000000000000021e-02
1.000000000000000021e-02
1.000000000000000021e-02
1.000000000000000021e-02
1.000000000000000021e-02
1.000000000000000021e-02
1.000000000000000021e-02
1.000000000000000021e-02
1.000000000000000021e-02
1.000000000000000021e-02
1.000000000000000021e-02
1.000000000000000021e-02
1.000000000000000021e-02
1.000000000000000021e-02
1.000000000000000021e-02
1.000401917166482586e-02
1.000401917166482586e-02
1.041001975726090281e-02
1.041001975726090281e-02
1.073393993113178242e-02
1.073393993113178242e-02
1.197097560613141938e-02
1.197097560613141938e-02
1.186938379310819962e-02
1.186938379310819962e-02
1.066978219630007954e-02
1.066978219630007954e-02
1.137093444943252513e-02
1.137093444943252513e-02
1.017271474181386665e-02
1.017271474181386665e-02
1.000000000000000021e-02
1.000000000000000021e-02
1.000000000000000021e-02
1.000000000000000021e-02
1.000000000000000021e-02
1.000000000000000021e-02
1.000000000000000021e-02
1.000000000000000021e-02
1.000000000000000021e-02
1.000000000000000021e-02
1.000000000000000021e-02
1.000000000000000021e-02
1.000000000000000021e-02
1.000000000000000021e-02
1.000000000000000021e-02
1.000000000000000021e-02
1.000000000000000021e-02
1.000000000000000021e-02
1.000000000000000021e-02
1.000000000000000021e-02
1.000000000000000021e-02
1.000000000000000021e-02
1.000000000000000021e-02
1.000000000000000021e-02
1.000000000000000021e-02
1.000000000000000021e-02
1.000000000000000021e-02
1.000000000000000021e-02
1.000000000000000021e-02
1.000000000000000021e-02
1.000000000000000021e-02
1.000000000000000021e-02
