9.988246821794622907e-03
9.990906825550175882e-03
9.940830694502083772e-03
9.954578096100180282e-03
9.919555526735825135e-03
9.918126182793534848e-03
9.840087162461610970e-03
9.838705498015132278e-03
9.678624207170909155e-03
9.713506366834746830e-03
9.564371363228954190e-03
9.667262357785002397e-03
9.494663617644347534e-03
9.519073752824642326e-03
9.411061894693891969e-03
9.464565199306076287e-03
9.330078834456459122e-03
9.434945585581539992e-03
9.250086170978451261e-03
9.322218812794734466e-03
9.362510607903147195e-03
9.415873172208983136e-03
9.415164475553881168e-03
9.421789488183104910e-03
9.295244061527837762e-03
9.319101697503827039e-03
9.004540559504729119e-03
8.853421803999705561e-03
8.982732184727839145e-03
8.949542118507623420e-03
9.069502929493033008e-03
9.050850555377064691e-03
8.384530898924085623e-03
8.378945606512554212e-03
7.351294391515530470e-03
7.547695339795911992e-03
6.704904682489951084e-03
6.533660238158247625e-03
5.030496504045814388e-03
4.980801132652474053e-03
4.773832489181650471e-03
4.671404267332361637e-03
7.818441826120438309e-03
7.675748191785201902e-03
7.067021446347933160e-03
7.116812095738664530e-03
7.540653947196484033e-03
7.417020498073413105e-03
7.789752297741812589e-03
7.433036752221048107e-03
8.397827065900616630e-03
8.187890013790945568e-03
8.295905651340137327e-03
8.098157731102830978e-03
7.887171704543517389e-03
7.585006688803495184e-03
7.530196851440359475e-03
7.048385144603544310e-03
8.130953800004000337e-03
7.669312301967502396e-03
7.956938999097164580e-03
7.022530710048407142e-03
7.817353284397168117e-03
6.488426444822784772e-03
8.120159043036518851e-03
7.076530657128124631e-03
8.242425767665458383e-03
7.996255509322366256e-03
8.196244556709909174e-03
7.646140106284193307e-03
8.111401213740591920e-03
7.694358767536858823e-03
8.664751575015552584e-03
8.367068104862707134e-03
8.944397600795846864e-03
8.635641173155326339e-03
9.587045292987780506e-03
9.238419054126145724e-03
9.446670238362236960e-03
9.074291167161714980e-03
9.984879674913462247e-03
9.983229507944231529e-03
9.896187861812620265e-03
9.897251502765058023e-03
9.831091258228064067e-03
9.864512433349625908e-03
9.442918907754426980e-03
9.566804867463982523e-03
9.508532730487202073e-03
9.596456757904709214e-03
9.574150988753296274e-03
9.624803376504948230e-03
9.313686543878069157e-03
9.431548591256656150e-03
8.966363600159217226e-03
9.162261506971622338e-03
8.422571302547705863e-03
8.487008913154949971e-03
8.660845443388737533e-03
8.919436326927224212e-03
8.936231719808201968e-03
9.205723390564055780e-03
8.887952748088977228e-03
9.011577761665914149e-03
8.578901561262114797e-03
8.317191122341536028e-03
8.812187151096618695e-03
8.678382414648836210e-03
8.368671030465310232e-03
8.479468482999786422e-03
7.471263062393100791e-03
7.745096546904397562e-03
7.319075558327186974e-03
7.167811054667349267e-03
6.516037759359925331e-03
6.686020161217176745e-03
4.703323883111614791e-03
4.536495862036540004e-03
4.033945831650669056e-03
3.860353684474009551e-03
4.073639315274338313e-03
4.060750950997869986e-03
5.350896658571127271e-03
5.299710842416637327e-03
4.257158835108224362e-03
4.162654513397327262e-03
5.584921542379050162e-03
5.252912667457669202e-03
6.980255395937736904e-03
6.516447436685023943e-03
7.791890623704542107e-03
7.269352025519821257e-03
7.152362209997605025e-03
6.907916866920923125e-03
6.759865996755242031e-03
5.713496756248764331e-03
6.248076146910935651e-03
5.635227968912915643e-03
6.729979627655758613e-03
5.306042402549937358e-03
6.290525508176636124e-03
4.585709813873468932e-03
6.860511961728012024e-03
5.132174622450122459e-03
6.637996714566422700e-03
5.884667828472827343e-03
7.057655166652923584e-03
6.588836764597791155e-03
6.854312926711497896e-03
6.398576168436526448e-03
7.441412164535849902e-03
7.081077419794282526e-03
7.702061372981650403e-03
7.335350402995796486e-03
8.387798040033813199e-03
7.901984309607307591e-03
9.114978062695358596e-03
8.907733679163610044e-03
9.539473332465801120e-03
9.570998632834653436e-03
9.911781282389901110e-03
9.931104159349592175e-03
9.772713308848485561e-03
9.836448839725149898e-03
9.472582029376399107e-03
9.587077755675084412e-03
9.377780442533716759e-03
9.526354156915772808e-03
9.536860770697380349e-03
9.634313640505813570e-03
9.207464656666764641e-03
9.403800974697141060e-03
8.985446541835832510e-03
9.253738194614368959e-03
8.339186459923186509e-03
8.585449969733807349e-03
7.617280631444414696e-03
8.030532165799016825e-03
8.335661971270499210e-03
8.636448552696239164e-03
8.252037882012400877e-03
8.328291314652135763e-03
8.088681647507450778e-03
8.021823776804866066e-03
8.325455585703774378e-03
8.149217031525036320e-03
7.815142792918672310e-03
8.114184361210511134e-03
6.820731889835594981e-03
7.463611045925563035e-03
7.072468008714254302e-03
6.996417955705810064e-03
6.344515353830809494e-03
6.404292369092341557e-03
3.092858860923866464e-03
3.029974128883378311e-03
4.145892740362771937e-03
4.200801158785429784e-03
3.265544374102548851e-03
3.144012216705798553e-03
2.551976974061478682e-03
2.388441704925287675e-03
3.077207464088365600e-03
2.786090397613877334e-03
1.927790569797227386e-03
1.620973717695439482e-03
3.580210559571330581e-03
3.460836624021408452e-03
6.106837736228112705e-03
5.726438717418970946e-03
6.479594853119873335e-03
6.001865934028982087e-03
5.154603406941423924e-03
4.918452022222540021e-03
4.889700886369786892e-03
3.638886610956820322e-03
4.893093582907862005e-03
3.567832655978779924e-03
4.392234103624169210e-03
3.329944666010505906e-03
4.496186613325574462e-03
3.271148018170118819e-03
4.331981149113517046e-03
3.117924120389828097e-03
4.886358085136771265e-03
3.853454553476889401e-03
4.925473412160014976e-03
3.448373786270684214e-03
5.463712660647120252e-03
4.313540446072002509e-03
6.618527365539732948e-03
5.779769444048935348e-03
6.561915234062529537e-03
6.005966595061904868e-03
6.997700826682838431e-03
6.310604507030647542e-03
7.774724734724297245e-03
7.598088252263292090e-03
8.798902330641331093e-03
8.753790968494813002e-03
9.797498540958496718e-03
9.834457506947504382e-03
9.416110230508029436e-03
9.563417965504998272e-03
9.370791410897742757e-03
9.512560008957874139e-03
9.107339424494553110e-03
9.426129126098966443e-03
9.204974925635506927e-03
9.420166882662377866e-03
8.780252989201854652e-03
9.085461898468554301e-03
8.143267087335375951e-03
8.486449585911534643e-03
7.512555558699805791e-03
8.115415347206269767e-03
7.880523950413258899e-03
8.392087981115689890e-03
8.078356415009226715e-03
8.318927327591383106e-03
7.582928301825679097e-03
7.577393612749160415e-03
7.995571138640784545e-03
8.061991513785003380e-03
7.438724589134941209e-03
7.776318117290033534e-03
5.876471178688301433e-03
6.741282412861506618e-03
6.008773778028894154e-03
6.088226618551881124e-03
6.072126945212373388e-03
6.321269232123782021e-03
4.790588376961078809e-03
4.897723243682282346e-03
1.537227514650977168e-03
1.927234176388500052e-03
3.766703001306566986e-03
3.779253979695563169e-03
3.780611361343612711e-03
3.965100244748690113e-03
2.188630509554850140e-03
1.883594383772041860e-03
2.492682734453130662e-03
1.614985723821731273e-03
-2.584757070722547853e-04
-3.644385672465040777e-04
2.629813669968430936e-03
2.130326613921905594e-03
4.781788195200910481e-03
4.354447145260688032e-03
4.537143202799695865e-03
3.834566300563695650e-03
3.426940464129349818e-03
2.041498119885397713e-03
3.454908264759247102e-03
2.193022920332221657e-03
3.487602781550066654e-03
3.005676623854237461e-03
2.906713691612888926e-03
1.812494859526882392e-03
1.987318210602127821e-03
1.890450308118651803e-03
3.001714279162847297e-03
6.971967447546123346e-04
4.293616350113361145e-03
3.138859135613448342e-03
3.840809061845727040e-03
2.978476727475945236e-03
5.213970709599209316e-03
3.365330760535364431e-03
6.018376719705492879e-03
4.778214766377212805e-03
4.683270295082146012e-03
4.056590649684933998e-03
6.172249894728355953e-03
5.654247220657431829e-03
7.183237459303259791e-03
6.730280605817185423e-03
8.471363639715460275e-03
8.421330977958637123e-03
9.591437578734103575e-03
9.711844297583292068e-03
9.457233025267266363e-03
9.643099342036109967e-03
9.392276566544786529e-03
9.603490962364250039e-03
9.324005348363912163e-03
9.565870704174934264e-03
9.139565950393155336e-03
9.352849902075839258e-03
8.092397823117861502e-03
8.523122977757370891e-03
7.453406028348528480e-03
8.098555605518429137e-03
7.696008105360412944e-03
8.283919490770752861e-03
8.496694340130303211e-03
8.774827240600385769e-03
8.133094120766421603e-03
8.321778857106054694e-03
7.151999575105024397e-03
7.378601422786056421e-03
6.202793171977183211e-03
6.920654950326785189e-03
5.814314104983654696e-03
6.626559021055197264e-03
6.581145505670723227e-03
6.601966222719704569e-03
6.188850694262075861e-03
6.221697880812004054e-03
4.847113732353207707e-03
5.332855562440713855e-03
4.572872131291393950e-03
4.919077977941730198e-03
1.229980880518287932e-03
1.413618989293005971e-03
2.028403341365198499e-03
2.330632365230840813e-03
1.950465161931417895e-03
1.697494649039455123e-03
1.515307136134459200e-03
8.412257440266211533e-04
1.731421864305071438e-03
1.505745050752846110e-03
-2.402812203357823466e-03
-2.441228646140517107e-03
9.500397038234910949e-04
6.646026137493962803e-04
3.919794940113938836e-03
3.397589762038410576e-03
3.191630738184368654e-03
1.728457222485483462e-03
2.303582762555925288e-03
1.731894460983739344e-03
1.632378890534908486e-03
1.540579245957879101e-03
1.667130035168908975e-03
8.458924518832711429e-04
2.395365676686142010e-03
1.616073612116286033e-03
1.265440450079042449e-03
-2.338637176857795463e-04
1.523104112964196325e-03
6.202177176521341891e-06
3.488026924243004152e-03
1.936690754684833315e-03
3.907224694971487416e-03
3.204534789772811153e-03
4.384561847991372795e-03
3.390673412310475122e-03
5.074638892609882948e-03
3.941980394396018758e-03
5.336718553002882046e-03
3.554027451490185049e-03
5.373296563423020540e-03
4.281953886611510572e-03
6.570055718035177315e-03
6.397574376668309880e-03
8.483043853014418656e-03
8.405797085604465799e-03
9.577493885169808402e-03
9.781267597399466440e-03
9.479202134695462190e-03
9.703729499363607236e-03
9.467222893892068836e-03
9.621040159273855363e-03
9.197297593971816287e-03
9.429945028948925195e-03
8.753027570111201333e-03
8.937285569748846734e-03
7.055838892977546115e-03
7.874537654409695733e-03
7.227185114211606871e-03
7.988051226726796544e-03
7.711116263967646850e-03
8.433005969449181016e-03
7.884547928311471526e-03
8.179721619417650025e-03
7.387571675226071131e-03
7.803520086912869684e-03
5.590319017037615953e-03
6.430590531785170504e-03
3.962515915547921118e-03
5.435131445144079747e-03
5.719480345258737275e-03
6.371853403463684576e-03
5.986740077262144542e-03
6.789933901509908123e-03
6.016426187486304325e-03
5.814110036722134819e-03
4.388992927369599062e-03
5.107912132328054806e-03
3.311680435881433383e-03
3.839604974357080629e-03
-3.873163433155570436e-04
-9.958915306844441932e-05
6.640319903667765830e-04
5.928799113623321043e-04
-2.210958250664370617e-03
-1.799574189370522267e-03
-2.168895893151944441e-03
-1.714857608744181769e-03
-3.109972957885236426e-04
-6.580254094232661395e-04
-2.807004897700415835e-03
-3.310254078270654168e-03
9.871195800562511391e-04
2.228607232436846317e-04
2.446323800570086599e-03
1.720905233852443924e-03
2.374876487215867634e-03
1.361205978999781080e-03
1.278506054237401896e-03
7.689596212463006538e-04
1.682791965971739984e-03
1.759757409242173167e-03
1.130205946445816045e-03
3.515587275429299515e-04
-1.609472597657188254e-04
-1.185774441610633594e-03
-1.599180480348685049e-03
-3.333919512062434847e-03
2.191939726341884541e-04
-1.943062491726442291e-03
1.615896006049107525e-03
3.548331102857819538e-04
2.873953248898625506e-03
1.290346878274942731e-03
3.758790646178192685e-03
2.354387328054627186e-03
4.244479380847792326e-03
3.388937806663887015e-03
4.353105183871473945e-03
3.723590677623340398e-03
4.670958050952996390e-03
3.785871555461076989e-03
6.319381005011340952e-03
6.064628151695279461e-03
7.788358210032878676e-03
7.373010993941075432e-03
9.513594856682178538e-03
9.749868007885168289e-03
9.542623074750242532e-03
9.722187492812763010e-03
9.363251971104885260e-03
9.635064317261746863e-03
9.028163569177584044e-03
9.559912835894517069e-03
8.483752060959774341e-03
8.957601553694840776e-03
7.300644691199073034e-03
8.425658940092757912e-03
7.312660856335900100e-03
8.096108825628414024e-03
7.898283258272227256e-03
8.504935898711353526e-03
7.258423275965534237e-03
7.796997986584910945e-03
6.107762183053257535e-03
7.304596852134286750e-03
4.268879014479567448e-03
5.907542872855631524e-03
4.682052739572175985e-03
6.239718270031871863e-03
5.835510149971990905e-03
7.040748225738005864e-03
5.403121457224919696e-03
6.720127177061894011e-03
5.386379993474747947e-03
5.951368730256004387e-03
3.683962152230032660e-03
5.415125104431836242e-03
6.184115366808210119e-04
2.374319147425487352e-03
-4.125724340026911893e-03
-2.942494306217402922e-03
-3.021819906840921173e-03
-2.195683209805442907e-03
-3.841132969873661991e-03
-3.366613544926154184e-03
-4.129823495310107513e-03
-3.572966975210338167e-03
-3.250270566427185953e-03
-3.886914476304531834e-03
-5.977995172209022920e-03
-5.946772975925222922e-03
-1.506314967027044078e-03
-1.883126350039557610e-03
1.908201887804808613e-03
7.036074641566806209e-04
1.297889746718188788e-03
2.919600206871945957e-04
6.747130229599393588e-04
-4.435967098246129735e-05
1.410403265091199386e-03
3.122691495822540824e-04
6.931568343137990392e-04
-7.520390786027276531e-04
-1.637972333019981942e-03
-2.348861406632350018e-03
-9.959719828541528912e-04
-2.072828549386570608e-03
7.441753556612735673e-04
-1.254992043350840625e-03
2.064132678658471640e-03
4.801937128422336613e-04
2.056560802284037193e-03
-1.220314713999831060e-05
3.144072768505590254e-03
1.188308229786408984e-03
4.336922237637507761e-03
4.026736057958930567e-03
4.911584652544436977e-03
3.730181653191686451e-03
5.953930277930460403e-03
5.221458230823372570e-03
7.305754131432156198e-03
6.947385415065585566e-03
7.929604271962589421e-03
7.510591702281742797e-03
9.696344956858541156e-03
9.853476260324210007e-03
9.703878028672969364e-03
9.860921475003895514e-03
9.526194154558072918e-03
9.779574339710163725e-03
8.881943063964961582e-03
9.526143589066522060e-03
8.068736247035175266e-03
9.028710150349868527e-03
7.695283004239964093e-03
8.813120039332959441e-03
7.634293682225061495e-03
8.512947522106701498e-03
7.858170369576793907e-03
8.464103010362654042e-03
6.054548057588739207e-03
7.055534755337797108e-03
4.752704751482741442e-03
6.856465779356599177e-03
3.979630177365962689e-03
6.368008709800546119e-03
4.162831980029985633e-03
6.644578631885442351e-03
5.480905132044316778e-03
6.607760445617805525e-03
3.497156074125865998e-03
6.156739907700007654e-03
3.281678281114952609e-03
5.551374722947083687e-03
2.728657929500053966e-03
5.990247978807513966e-03
-5.611672407306293351e-04
1.858078575531674822e-03
-4.764261707686344091e-03
-2.949550418337307939e-03
-4.627715904442005791e-03
-6.032667872303967361e-04
-4.409366336724129115e-03
-9.980391688217797336e-04
-2.764626580837000521e-03
-3.344140149425245834e-03
-3.892855528120320232e-03
-4.295112780471713534e-03
-5.604519636800529489e-03
-6.805978817832761436e-03
-3.395509671910755447e-03
-6.254780663421275096e-03
1.238603916516861116e-03
-6.589715600528064346e-05
1.287845050752737652e-03
-1.892069755474762467e-04
1.627580047600149353e-04
1.268562508300199228e-03
3.974289030484085298e-04
6.377415978211294512e-04
3.911845439459701217e-04
-2.065966201115205028e-03
-6.322590197865923464e-05
-1.015253553069651741e-03
6.467929584007723557e-04
-6.307813699714798477e-04
1.485679020018252413e-03
-8.511309726772864435e-05
1.777398972126878040e-03
5.383549890528669529e-04
2.265484914135675910e-03
1.257073112747538130e-03
2.724197371423556224e-03
1.741961928644299466e-03
3.725802086989180029e-03
2.996600810258585792e-03
5.785449721793704467e-03
4.113533481251102283e-03
7.940418071567539524e-03
6.917912790042320646e-03
7.836367413998655135e-03
7.323396086238345704e-03
8.400661411252265121e-03
7.784908696551051319e-03
9.682629904611996310e-03
9.898376937508631887e-03
9.457147003998554041e-03
9.770217697717093613e-03
9.316848829042040717e-03
9.679371762525257328e-03
8.685717933830952586e-03
9.480402181766380346e-03
8.139738273713295613e-03
9.393650463055357863e-03
7.731936878435201332e-03
8.926090305449885243e-03
7.713327242433014493e-03
8.727243289516337099e-03
7.367941557424629272e-03
8.456266497977441010e-03
5.043576393692077338e-03
7.060134337207394847e-03
5.659013693145298167e-03
7.639775758777867486e-03
4.049159221748841603e-03
6.935740619025687614e-03
4.637459426982222174e-03
6.928487421568903584e-03
3.683732633171074057e-03
6.339574608417134979e-03
4.247317289961655834e-03
5.603447071504713724e-03
2.963358851688426086e-03
6.065158809121031641e-03
1.471230407641051794e-03
4.654328642514391629e-03
1.434642465390603520e-03
4.162511606690745200e-03
-2.531013668917323801e-03
3.547853604449324478e-03
-2.418548399952749704e-03
4.607617669954880250e-03
2.237233924888984340e-03
4.567992150101620255e-03
5.062666516655979672e-03
2.010815459453220693e-03
7.394186522241509227e-04
-2.185756159396132648e-03
-2.918088968445652770e-03
-5.962970575888884919e-03
-2.119271566902737689e-03
-6.061314147875089715e-03
6.289776458417876753e-04
-1.975073615316673848e-03
1.908676942105411037e-03
-1.440989142993454259e-03
1.395386618925971867e-03
3.120176072438391878e-04
8.761800238731944947e-04
-1.399426471621890251e-03
1.042469639984430546e-03
-1.398041332550777321e-03
1.950607703514469155e-03
5.555808185118770543e-04
1.567741619793524980e-03
4.347088051343779634e-04
1.294749939588902546e-03
3.764688292504615123e-04
3.756881809341803321e-03
1.633930519052413047e-03
3.877059830676207047e-03
2.432570992194241482e-03
3.509749058750911629e-03
2.488294464643710062e-03
4.363031043720657157e-03
2.862078647578882550e-03
6.239303093230557686e-03
5.323810638476786199e-03
6.724173533839182017e-03
6.078744985257395275e-03
7.904121317692776663e-03
7.073923384709713061e-03
9.153638239617425260e-03
8.391498224702410164e-03
9.531380073601427791e-03
9.914972168722238632e-03
9.445807433557936589e-03
9.837762719904481409e-03
9.415502482311906632e-03
9.766041746982461608e-03
8.514956742124286243e-03
9.512742222179277826e-03
8.631429391718379446e-03
9.773263819523588664e-03
7.972631145419845425e-03
9.086750649327852980e-03
7.509599173661568247e-03
8.879649736941868515e-03
6.856316909768759779e-03
8.306799645843710236e-03
5.002902188650334980e-03
7.558996428035258397e-03
5.368806580779402274e-03
7.624977830776966115e-03
5.215895941105721037e-03
7.244397844600076151e-03
3.303069361879145630e-03
6.841956576350888622e-03
3.151992220972926750e-03
6.288727413478569991e-03
1.697791622003255469e-03
6.519498342382394444e-03
1.666644387670200957e-03
4.776642442124006023e-03
2.128953277290477741e-03
5.505454077804365284e-03
2.502327666949997770e-03
6.436040264420387139e-03
1.736503189534435157e-03
7.399465565512011386e-03
9.191933816049985620e-03
9.952249120150632317e-03
7.598714499171933291e-03
8.052345740694039772e-03
9.124248603846876748e-03
6.881504758256063066e-03
8.303903543487704125e-03
4.824001144647720521e-03
2.853645240912970607e-05
-3.184811221283580934e-03
-3.751476646398784441e-04
-3.656218210658584034e-03
2.267192846785697023e-03
-1.119430945057539204e-03
2.080860573885482886e-03
-2.129326175977731914e-03
1.330832945583861754e-03
-2.011115790010684860e-03
2.914395095153999443e-03
-2.699963929741360825e-04
1.735389903022847196e-03
8.887710666126278540e-04
1.768063045715512812e-03
2.021764128159079816e-03
3.181241409395814575e-03
3.532436606545528990e-03
4.395704182684317604e-03
3.138347625414695391e-03
4.468184405044379158e-03
2.964439510502824178e-03
4.147901755424432922e-03
2.187038374158608699e-03
5.256873730744180892e-03
1.393098953101764778e-03
5.859576013877275218e-03
4.133786607721220106e-03
4.023744917611813895e-03
2.481722303138991781e-03
5.829956117567300367e-03
4.236765393567215252e-03
8.367849907931206033e-03
7.007035254650033698e-03
8.504909291599034582e-03
7.616736719543526143e-03
9.733612393909713001e-03
1.001829908194897326e-02
9.349186327124919815e-03
9.996708459480894288e-03
9.139331368297138117e-03
9.747024482741496049e-03
8.822357256481935806e-03
9.620784477716911448e-03
8.758532577899954749e-03
9.760420579813067904e-03
7.733035642559620178e-03
8.979043365742549881e-03
7.376737084951012768e-03
8.960418137172174169e-03
6.144994533543319745e-03
8.257358425409793562e-03
4.625391261613980877e-03
7.666704310913762498e-03
5.433672727717095419e-03
7.862791198884108018e-03
4.533478237874697010e-03
7.030495864311946119e-03
3.612059226271200057e-03
6.554759781665157360e-03
2.340913067055702158e-03
6.890852568354101891e-03
1.477924063493413036e-03
6.757085138778802166e-03
2.551765807053751195e-03
7.264472664542854889e-03
3.127785167380869261e-03
6.197673599333564445e-03
3.749174347512534457e-03
9.885724810329054105e-03
9.390553414895620732e-03
1.183677168112116755e-02
1.439789781497160734e-02
9.979940097706693075e-03
1.092125222448651206e-02
1.319256794526316688e-02
5.661136380038104057e-03
1.309577158263887202e-02
7.681760562288205731e-03
9.748447115836830074e-03
8.499666763412220064e-03
4.325386655237335384e-03
3.420605447059181948e-03
-2.706054849812662352e-03
4.535341983697567872e-03
-5.479769708143661551e-03
3.594265665154811138e-03
-2.292409677516752363e-03
3.087970947344414498e-03
4.625628195131895352e-04
3.380941134779299421e-03
5.541753632376898850e-04
2.542094472903792465e-03
2.251219471907180321e-04
3.332467838779854582e-03
3.174987962687798610e-03
3.579382634181167526e-03
2.990597642591577392e-03
4.202674849575416087e-03
2.768721302910766378e-03
5.866814090959257197e-03
3.418767425741541487e-03
5.395013943023647604e-03
3.441045873307465187e-03
7.014892728241709126e-03
4.021735625370254086e-03
5.136533816595406296e-03
3.962105215263370117e-03
5.410641228551824923e-03
3.295298128506973182e-03
6.793632879449001440e-03
4.711873245156004975e-03
7.420864302200395023e-03
6.391456908231310692e-03
8.491520686690196690e-03
8.062645481804749104e-03
9.791898533438031862e-03
1.001763787199341608e-02
9.570258669763957726e-03
1.025281514668628831e-02
9.365398161934121099e-03
9.985481823664829962e-03
8.837851560061091988e-03
9.594470782195956352e-03
8.269429207993036005e-03
9.491597648653390604e-03
7.412450768519781782e-03
8.772509660382303912e-03
7.406634682946037010e-03
9.179791819582680881e-03
6.608534518075049116e-03
8.314912944265111239e-03
5.147282622950593439e-03
7.896296116106362936e-03
4.150736786687673693e-03
7.716172271997839491e-03
3.111845671921298351e-03
7.051260010082169641e-03
2.420436208416925413e-03
6.193107600365507087e-03
3.427254926534652624e-03
6.973923589152504487e-03
4.483956368070662370e-03
7.831474638029498753e-03
4.408060877189852109e-03
8.946287012624018833e-03
3.906419066725019991e-03
1.042620163936021360e-02
6.796076405152899798e-03
1.169925326250448663e-02
1.234660522731963021e-02
1.878561150329816423e-02
1.575396448378585390e-02
1.457726408042153698e-02
1.027015144776809857e-02
8.924178261885521574e-03
7.064187447294838738e-03
1.404000215581596711e-02
1.049692804681047996e-02
1.412623621707632254e-02
2.354712764240405459e-02
1.079257189407322945e-02
2.433045536507700765e-02
6.130804241043605329e-03
1.209839427427918807e-02
-1.316787540679869835e-03
5.045489587334286465e-03
-2.994231892521838096e-03
5.525626675324224121e-03
5.335925016491152020e-04
4.077930035197976921e-03
-1.978792170809947888e-04
2.008196566050345772e-03
6.125974081845764066e-04
3.645983184826027956e-03
2.390665130597934528e-03
4.815630410664471610e-03
3.393717225970390491e-03
5.470882746684499649e-03
8.681836734355677463e-04
6.295872450617585013e-03
2.711159409612792347e-03
6.117299555733570794e-03
3.612325414691614379e-03
4.684387585361967157e-03
3.184626212824065959e-03
5.500295754802618509e-03
4.024459656535437323e-03
6.842342822377550995e-03
4.455375864806546821e-03
7.635491395111052709e-03
5.993487325728419531e-03
7.296948730051665971e-03
6.549863928339971254e-03
7.329484464099519057e-03
6.543327041234617975e-03
9.945671722356129452e-03
1.007613222101225690e-02
1.001118791653013602e-02
1.041016248961185164e-02
9.538349962140100016e-03
1.012710356984822951e-02
8.405902543287234463e-03
9.467875447746409989e-03
7.911920982340458347e-03
9.075751618136356294e-03
7.224183390517905680e-03
8.763259956343357610e-03
7.555978961965719408e-03
9.232893450638095245e-03
6.994754832991599905e-03
8.332703880342691438e-03
5.844841301845303018e-03
8.689652753494404858e-03
4.052163898773860143e-03
7.830809118654981013e-03
3.457675452098712965e-03
7.746569056076418706e-03
2.932307436617675490e-03
7.153145292093733391e-03
4.988085424092882081e-03
8.224504752803899615e-03
5.530855912650564817e-03
8.481319099290831817e-03
3.074785502758298119e-03
7.212755545572063602e-03
2.924575205054563178e-03
1.030238039244730196e-02
5.390408625539400839e-03
1.344718536637416924e-02
8.772561231410923310e-03
1.847308854807407433e-02
1.508778055490575358e-02
2.286773743978184892e-02
1.245208191856816277e-02
1.268941346002896639e-02
1.012806947130783647e-02
9.168591271763022049e-03
1.820052749791999450e-02
1.514147980460381175e-02
2.433129982756747356e-02
1.102943832452052755e-02
2.352691381729454800e-02
6.815752164927152239e-03
1.543134685730991433e-02
1.052010296436286466e-03
6.584172063670494339e-03
-2.028609680958502054e-03
7.483185583197949839e-03
-1.080122525840616909e-03
5.998975781869458207e-03
1.154881386745330819e-03
2.891101551382996640e-03
2.058993088718351089e-03
2.299892022779589842e-03
1.319151643895961901e-03
4.587722252937993274e-03
1.256277818193459470e-03
7.186740051878109069e-03
2.631092093492502608e-03
7.270697945370047446e-03
3.145757929445377327e-03
5.711127452712654561e-03
3.853208589932622177e-03
3.635162974828163446e-03
1.892211234787929530e-03
6.216246665207461088e-03
4.924313472940249070e-03
8.299453897074085193e-03
6.520842790439219071e-03
8.413091362549434196e-03
7.740774268209861184e-03
7.187171126351836990e-03
6.496558570200104514e-03
7.015485438371027102e-03
6.327905457831910392e-03
9.996143158571087553e-03
1.010824662731177846e-02
1.007641132150535052e-02
1.042134721803542052e-02
9.150546236172712317e-03
9.968266516936271499e-03
8.856271758039184136e-03
9.621107118556468732e-03
7.913621705593667718e-03
9.090804800994866861e-03
7.485050141978960743e-03
9.258476126132978920e-03
7.119729728655809289e-03
9.029759632723904569e-03
6.383745507614451038e-03
8.071577821666309563e-03
6.316698833318658800e-03
8.838586560883418541e-03
4.650825959613414697e-03
8.501715025250631413e-03
3.069405087482246584e-03
8.648510409935777909e-03
4.696635924364025647e-03
9.212862216212305486e-03
6.119249910764467532e-03
9.378586838482220675e-03
5.516393416606885786e-03
8.775443991586045003e-03
3.857254900843399073e-03
8.851419776306670983e-03
3.282017881758235792e-03
1.031711255478805211e-02
6.909882870108250211e-03
1.600909322141216146e-02
1.433862429358094201e-02
2.192263248997906172e-02
1.622201839756454850e-02
2.581925688173366401e-02
2.163282882249589062e-02
2.653807096553961742e-02
2.896663195727730220e-02
1.734443653488377396e-02
2.509199071880748380e-02
1.488641551732140626e-02
3.806249679472231695e-02
1.671950048758674354e-02
2.722557741339646717e-02
8.573515534575837024e-03
1.284827538315722745e-02
1.944406440739183299e-03
1.024109016094224348e-02
-2.732611438916765262e-04
8.080620116808854420e-03
2.219981069411146313e-03
7.273782415853898529e-03
2.740642274804867828e-03
5.732734998087496078e-03
2.476405430692818748e-03
4.683654605043940065e-03
1.849212045927135393e-03
4.943033626082529025e-03
1.960139598528844607e-03
5.935975642915677745e-03
2.631579443106071142e-03
5.564657991723164290e-03
3.431421048628867463e-03
5.662840117007855376e-03
4.391697079629661334e-03
5.276210157706664496e-03
3.247641699604762473e-03
6.429041552042151497e-03
4.618124140683944022e-03
8.056195441607204299e-03
7.113785171087429020e-03
8.156865238778529190e-03
7.533676579372935479e-03
7.183746365029665751e-03
6.223629357683937643e-03
7.617354563376772109e-03
6.653882705530177535e-03
1.003202354385656150e-02
1.011124437214996723e-02
9.663466679134874102e-03
1.022486184101322436e-02
8.763174067913222232e-03
9.619081248333424816e-03
8.839495786683873590e-03
9.560402434849448947e-03
7.922045984938995769e-03
9.151349517138543388e-03
7.805625467099116394e-03
9.080874435612923401e-03
7.191716718815045588e-03
9.177248087788679801e-03
6.130288689261383442e-03
8.408713994857347496e-03
6.301339233265961653e-03
8.373971898191284388e-03
4.318707217327742362e-03
7.623966969542069275e-03
5.133792663933049900e-03
9.046476356966396890e-03
5.579233921352612542e-03
9.794370136809173524e-03
6.105196243990114804e-03
1.053974831950143728e-02
5.265696641731634244e-03
8.774128926270703330e-03
3.535506907483759471e-03
8.167247894986124149e-03
5.407842492606730958e-03
1.093181230980183952e-02
1.041198575164854062e-02
1.241900534788840590e-02
1.831358389748758558e-02
2.114323759087959054e-02
2.119291564333477054e-02
2.284046762872953343e-02
2.617159718542392752e-02
2.576401278668984454e-02
3.774222684964673863e-02
2.170685773633079796e-02
3.183960005453065345e-02
1.579352202257642765e-02
3.265734908102762429e-02
1.913734250317442737e-02
2.369412312499748208e-02
1.247594148659868750e-02
1.399743900648953328e-02
5.988157061081192216e-03
1.163437798604004259e-02
2.524535916187693480e-03
9.731888975296329111e-03
5.854195628211013129e-03
7.699227859555067208e-03
4.160045904494849046e-03
6.593116028857844493e-03
2.746223325469594745e-03
5.844993736336264248e-03
1.884488006982129420e-03
6.836038535677755636e-03
3.453614934479389085e-03
5.578511026497380218e-03
3.170067040434322060e-03
3.520810024054926105e-03
1.984773919704452792e-03
5.516527961214750392e-03
3.370868662096641356e-03
4.204734034825738549e-03
2.471495538295888968e-03
6.682387191165774752e-03
5.631162966977452423e-03
6.627135257514944408e-03
5.562713757801778305e-03
6.933288739350200978e-03
5.464143720526175481e-03
6.986062389714115493e-03
5.639359984225150203e-03
8.099706792437107172e-03
7.080441036453826754e-03
9.839843857908000743e-03
1.003738995588173907e-02
9.393603721021217060e-03
9.781763566906609073e-03
7.735229553527730312e-03
8.972384464763330167e-03
7.680285055748923076e-03
8.944868131377179885e-03
7.783011418806705731e-03
9.208536175213458130e-03
7.303950526851950113e-03
8.340033878967579445e-03
7.271992046031237542e-03
9.101791374532250400e-03
6.545196626851831380e-03
8.867370545929571801e-03
5.715213797851621813e-03
9.522291094600473724e-03
3.757289342106012384e-03
8.121086706879995093e-03
5.794495507161068551e-03
8.965777884069565246e-03
4.635789555328981119e-03
9.601501760104710209e-03
4.470742536958289236e-03
8.942142500085232051e-03
3.430688576510748742e-03
8.216514902734223594e-03
2.851992500398153278e-03
8.090222604234743181e-03
7.026343827733627298e-03
1.196120296273142300e-02
9.936533262496763039e-03
1.180986515492335118e-02
1.486827344948474933e-02
1.629468922965316216e-02
1.694199783227380227e-02
1.731785595336410299e-02
1.967585566732808419e-02
2.081287051760512957e-02
3.095714911762613430e-02
2.215249919808867304e-02
2.683783025564625765e-02
1.787732056596202240e-02
2.365830824917075637e-02
1.561133844292667341e-02
1.799052805463722052e-02
9.666577839936916008e-03
1.264731156408480627e-02
6.324823057056248865e-03
9.573683845341289522e-03
7.353543771472726559e-03
1.155610514772338442e-02
9.512769188504823642e-03
1.292359840912066758e-02
7.561225203678107777e-03
8.328639054226014832e-03
4.366846573641930580e-03
8.016172994162341220e-03
2.697827044994234764e-03
6.965162246519574288e-03
4.107133894478912604e-03
5.825464632056057482e-03
4.066256046899633346e-03
3.660633024388863701e-03
3.298590140064651399e-03
6.245233145286841793e-03
4.743144497426360871e-03
6.452712025139446285e-03
4.402730455955487440e-03
8.240077964230912294e-03
7.976652499764145740e-03
7.742057360226562227e-03
6.945619292605714062e-03
7.687518564290739091e-03
6.894391876108472809e-03
7.882147860002620271e-03
7.341731579126581538e-03
8.979649620533563040e-03
8.602333191861360334e-03
9.803852841286439870e-03
9.906003694198285692e-03
9.256982212609118216e-03
9.603824817356543947e-03
8.572058889156431230e-03
9.807020181339063183e-03
8.107965580160789165e-03
9.205506511802281563e-03
6.001344043269012975e-03
8.199487438972974385e-03
6.622987397324280566e-03
7.833744289364334701e-03
7.317145778894356724e-03
9.214439827142343817e-03
6.032372178246497678e-03
9.397865885572179862e-03
4.431625775951763581e-03
8.268359806400242887e-03
3.434173865958587389e-03
7.284366114745426286e-03
5.539711279099069491e-03
9.605726435876472263e-03
4.318919327868465941e-03
8.479588852634447130e-03
3.237996587464472397e-03
7.088630650519596801e-03
2.244886198287195881e-03
8.430351479687604732e-03
3.881198608751506868e-03
7.382287076967828342e-03
7.762921203305249256e-03
1.107976844104985314e-02
9.762460857833287625e-03
1.278789113857492499e-02
1.312176949271852584e-02
1.495041607553653472e-02
1.223817463567983613e-02
1.624410633366156140e-02
1.507842130081082747e-02
1.770487503627526590e-02
2.077789922100192754e-02
1.939941758688101814e-02
2.339922347655566670e-02
1.837781503364151886e-02
2.519911030218231762e-02
2.019683764134463586e-02
1.706959932855987849e-02
1.133310749304464876e-02
9.484135453537777954e-03
6.502636120118117716e-03
1.011385056711286944e-02
8.196757000635535723e-03
1.346552368214293249e-02
1.065111042419257179e-02
1.492965466023865248e-02
1.049631289639088756e-02
1.281243334424600998e-02
8.942645487231472984e-03
8.142529706963172811e-03
4.747040679904532962e-03
4.722113936207608838e-03
7.871053858823622712e-04
4.989329479221972681e-03
3.143648368344072012e-03
4.989562581668015306e-03
2.924048846882522281e-03
6.852810491370319411e-03
5.732020685112696606e-03
7.063583665812994163e-03
5.207667818277676546e-03
8.546862297405564274e-03
8.143627230881305898e-03
8.416255925985648492e-03
8.446672221752330595e-03
8.248571088634500462e-03
8.070374325923154735e-03
8.491054632700731700e-03
7.136812114087195610e-03
9.525139597939460273e-03
9.268303019728170791e-03
9.155526484643390292e-03
9.424459469373982004e-03
9.369570716395320478e-03
9.748398689377029552e-03
8.915455117544711025e-03
9.776434691207197894e-03
8.559723229055026666e-03
9.448205526055620390e-03
7.099721814762304309e-03
8.636881108148201230e-03
6.132824562208387745e-03
7.600093919475870048e-03
5.689871116958457667e-03
8.746547725119404107e-03
5.502037061138967573e-03
8.843576414649832393e-03
5.226782557269755644e-03
8.244521089637760203e-03
4.310947217958124508e-03
7.930562935866379559e-03
4.369715393810744142e-03
7.373377587047213327e-03
2.682065687094179699e-03
8.570931611278970533e-03
4.136668038923792604e-03
8.718169399941405953e-03
4.660053905833888739e-03
1.002714849340585399e-02
5.252302701692992265e-03
7.358400228736092751e-03
7.561270457533211115e-03
1.043382746159800950e-02
7.156149321431813128e-03
1.161471223528699574e-02
1.144732308337232350e-02
1.444750630118906386e-02
1.099953591952868362e-02
1.339346721775453927e-02
1.525727990267053934e-02
1.660227203651086850e-02
1.713940935275757096e-02
1.730379553842641485e-02
1.985286672574876690e-02
1.750143208950130647e-02
2.356291209206984663e-02
2.171863685636485700e-02
1.950862911105717343e-02
1.651001616765124247e-02
1.328465616283046151e-02
1.123537516458174637e-02
1.471356559219293321e-02
1.057903515392698973e-02
1.643007973678533434e-02
1.339834914861361310e-02
1.494413812530415338e-02
1.267856845418422265e-02
1.308416119435074770e-02
9.922018545909992021e-03
8.037239258581933485e-03
4.050851441355631140e-03
4.971591994386783883e-03
3.003394766052996153e-03
5.711395798161944710e-03
3.368833908908665676e-03
5.812782978129604934e-03
2.972121088956030787e-03
8.068502127247747027e-03
5.333642489353654370e-03
7.941443548409391970e-03
5.808063182351908341e-03
8.014505104881100225e-03
7.458588489707148467e-03
8.414623670358323954e-03
7.965469436044425589e-03
8.543395388236788707e-03
7.622703042393963978e-03
8.662651742514378486e-03
7.153637226810451513e-03
9.696977888761698638e-03
9.386234948481538345e-03
8.732966891354951647e-03
9.153348947639155034e-03
8.858587621606371643e-03
9.432612396930615054e-03
8.307098875676738325e-03
9.129429546829149339e-03
9.252163832467415194e-03
9.518354375100342851e-03
7.805030361690990653e-03
9.048056580950413277e-03
5.823905158616081955e-03
8.185110141734060901e-03
4.994118937628667931e-03
8.727131919613670755e-03
4.831474757022923179e-03
8.766013536332049536e-03
5.736973742464242243e-03
8.001521073467252401e-03
4.640336659265192898e-03
7.234634408438700599e-03
4.923481343956158211e-03
6.908340721938312744e-03
2.890454998307218342e-03
7.463343856272389686e-03
6.078659267464299985e-03
9.950518844772968802e-03
8.377372076181494390e-03
1.112810344809603107e-02
7.903135409010719759e-03
9.810970797939454549e-03
6.984092590791335028e-03
9.690136265996341508e-03
5.815702455991006957e-03
9.455480579018604378e-03
1.075286307868377270e-02
1.332775789415348994e-02
1.107879872969988119e-02
1.533243537490647929e-02
1.411784399925816030e-02
1.715018065650927501e-02
1.722064904694681209e-02
1.909515232569689372e-02
1.513306234307418979e-02
1.601490575487298298e-02
1.794431004742800401e-02
2.040742982490994714e-02
1.727014674705714889e-02
1.904902077195802512e-02
1.729829133837215704e-02
1.717426612722346493e-02
1.783841540783949464e-02
1.390419039407134877e-02
2.052277311563233814e-02
1.664371105308663779e-02
1.689625973362448089e-02
1.398259614524138481e-02
1.271601336681813833e-02
1.081903089082922320e-02
9.296487078679452690e-03
5.917574633181793553e-03
7.866650832164595250e-03
5.096197680196379483e-03
6.884296601514931432e-03
3.452803974336717159e-03
6.148900024331494830e-03
2.729127711016947604e-03
9.146637678283482328e-03
5.728932258191899232e-03
7.506271076608886893e-03
5.681692465712325814e-03
7.794724289952752183e-03
7.073916150945470938e-03
8.362472127390564378e-03
7.946187725005243729e-03
7.706256321289472327e-03
5.936025702829155273e-03
8.619793057043172863e-03
7.366943988364904605e-03
9.778142939409515538e-03
9.591552459145755855e-03
9.443526790190084202e-03
9.640204345290186508e-03
8.412745361288734292e-03
9.085883486571261908e-03
7.883336043254161873e-03
8.674100722543416284e-03
8.132563241997618764e-03
8.813007930232513720e-03
8.114515508842966990e-03
9.687816401230286978e-03
5.767510788972691864e-03
8.746720394571328230e-03
3.811255059028772259e-03
6.852259058865019931e-03
3.667297331135809663e-03
6.406587480621043010e-03
5.409019930190176774e-03
8.323455926873923535e-03
5.604374794601048662e-03
8.528947253922676552e-03
7.087325884462458356e-03
1.058188310497989830e-02
5.162430755839194155e-03
8.531560722531078902e-03
5.172742387563411190e-03
7.735094113012377752e-03
7.873510111140648998e-03
9.968846041193440977e-03
6.981830030159025084e-03
9.422904990547768117e-03
6.665414400884516269e-03
9.373835989235669575e-03
6.103419585507531032e-03
1.003038317052165097e-02
1.269084178995965803e-02
1.635734774061906732e-02
1.317783153636152213e-02
1.668283059933377971e-02
1.810034201098227949e-02
2.079520956952660843e-02
1.775377582416020478e-02
2.024541259758608214e-02
1.452469544339766473e-02
1.745681562152396477e-02
1.907343012003281935e-02
2.233078241699392244e-02
1.749760062565787130e-02
1.883112036238664827e-02
1.949522833603909919e-02
1.819740768766623870e-02
2.005364767656537400e-02
1.854457864189330840e-02
1.693251986105434939e-02
1.669413034460697290e-02
1.365478463980963897e-02
1.210420938690319297e-02
1.234410983266222457e-02
1.115841397035482845e-02
1.067804188180002459e-02
8.843637018711486900e-03
9.609357869638806074e-03
5.089814623677985789e-03
7.160006595766751913e-03
3.234927231795027905e-03
6.660238181087995910e-03
3.147872023678106260e-03
7.194362182103992628e-03
4.416020141998088303e-03
6.465102293855285072e-03
4.974734131951507633e-03
8.237297805028503256e-03
7.821955749044998130e-03
8.815765085291020486e-03
7.579244660740815966e-03
6.220376605687490297e-03
5.109011902294596785e-03
8.367426918385463888e-03
7.592173292870331089e-03
9.950502932415497201e-03
9.465366678186334579e-03
9.413887313189827494e-03
9.601561287199402925e-03
8.788161787202382336e-03
9.182310716570066256e-03
7.416840355696351778e-03
8.309910180855776748e-03
6.715971955063858995e-03
8.058170377372714591e-03
6.830217871980458731e-03
8.902537917625198347e-03
4.605335814689468128e-03
8.156320352111934985e-03
3.982395306964061493e-03
5.988798644465096778e-03
2.561526041582683211e-03
6.153366498593475058e-03
6.266164594215271021e-03
7.553568727838080692e-03
7.654948906193200300e-03
1.178728472360357320e-02
7.045304682956640523e-03
1.014854947695915249e-02
4.350092022269103943e-03
8.102709726097083107e-03
4.887509823760028023e-03
7.458469647362853984e-03
3.787666174075715510e-03
8.128461040389759265e-03
5.931822309333516924e-03
1.033503445472502835e-02
6.080510488728573144e-03
1.217893853827384763e-02
9.473675045962999877e-03
1.242640777202693066e-02
1.414395880582939094e-02
1.815578067915707763e-02
1.603265650334562142e-02
1.835539509508549161e-02
1.905374720753366322e-02
2.017534035290451458e-02
2.036950477643413235e-02
2.228091466270988585e-02
1.677831183329210607e-02
1.897636603573883349e-02
1.968697415685026486e-02
2.162515450594373542e-02
1.735175763461452997e-02
1.990440304976308361e-02
1.765092353599372402e-02
1.952089904026950776e-02
1.762209240173066502e-02
1.747949829114779988e-02
1.593234206123601837e-02
1.429562537851839822e-02
1.231567041131463244e-02
1.171386310949378354e-02
1.312616496772313693e-02
1.082802936283429329e-02
1.130923994039286645e-02
7.308318743324218429e-03
9.204367197958486166e-03
6.227033790227784124e-03
8.483059136416356769e-03
4.796273692034946912e-03
4.977180237640789311e-03
2.000936641888602201e-03
6.023637868055061080e-03
3.622066484091842307e-03
6.211409787485826749e-03
4.822891242317202051e-03
7.019208914003220202e-03
6.604912987047802976e-03
7.173100952431846894e-03
6.119637628889834126e-03
6.109130675279494591e-03
5.107182929065892836e-03
6.760637000917950508e-03
5.395785329156630068e-03
9.202453637076470766e-03
8.790324844657830192e-03
9.997848485629312956e-03
9.998544511756145975e-03
9.434881990311852484e-03
9.622312280060203379e-03
7.612255746807938470e-03
8.521900815481363647e-03
7.017262912324777162e-03
8.413646881153995574e-03
5.290272658955068839e-03
8.103564414667439875e-03
6.201404530267400940e-03
9.090532243724552819e-03
5.214830098968638999e-03
6.893002857992653991e-03
3.474185599772902210e-03
8.317982004395403986e-03
5.571990903961378597e-03
9.098918745962723126e-03
6.411509110169414521e-03
1.063950480726369961e-02
6.845466992799923572e-03
1.097198815707393395e-02
4.675542124440722029e-03
8.537440485113043792e-03
4.494714925245220198e-03
9.350929514745448534e-03
4.059106935505170551e-03
9.489859527205818726e-03
8.307718095916846041e-03
1.292739358641016752e-02
1.130883673442712768e-02
1.625967585846911992e-02
1.216494819215964418e-02
1.524687132940863790e-02
1.649320405265825365e-02
1.887478498703720059e-02
1.725315220923739207e-02
1.795129520087233518e-02
1.845262307218847875e-02
1.878792387882114584e-02
2.036072282663701702e-02
2.140979708352931318e-02
1.703054080993503944e-02
1.831332885090526316e-02
2.088586822721732322e-02
2.164188727388236325e-02
1.917822414722753985e-02
1.894126841559277269e-02
1.539415958178082071e-02
1.625689270311044682e-02
1.351260420558662335e-02
1.363742279753471336e-02
1.548034797374674143e-02
1.398571853102333756e-02
1.420770267214172163e-02
1.297724046178003188e-02
1.303483741078825982e-02
1.041560333270205065e-02
8.999723408948520284e-03
6.261291036820182745e-03
9.031627544073892247e-03
7.112796428934410782e-03
8.370430304012022038e-03
5.476218775615792657e-03
8.256504467289520893e-03
4.538130801610587399e-03
9.707190912433336441e-03
7.221402526257099559e-03
3.301319586302230331e-03
1.370326474036301801e-03
4.259447280732579950e-03
3.267308698194421566e-03
5.443325100166074813e-03
5.412905532477506505e-03
5.242351693604443107e-03
4.112682019660720417e-03
7.442059640895703695e-03
5.869658753255927938e-03
8.172718427662161583e-03
7.805683630120862498e-03
1.000000000000000021e-02
1.000000000000000021e-02
9.636318326398966502e-03
9.821375128945184635e-03
8.244642257177053901e-03
9.239290039737231564e-03
6.279089281991854198e-03
7.873395600697035562e-03
7.158784429285251077e-03
7.636706650620482019e-03
7.592857792820602303e-03
1.149984645741723537e-02
7.846732604455801743e-03
1.100273519872571604e-02
5.189304657582508896e-03
9.550010483186172766e-03
4.857621679344308573e-03
7.889946262999041060e-03
4.687739001020040618e-03
8.353424943297493854e-03
8.296754043527143629e-03
1.173311053980851879e-02
6.028078827085940616e-03
1.165624682649491275e-02
6.247543518229262821e-03
1.154367827196718134e-02
7.840279100560522060e-03
1.212680972856043822e-02
1.080923357428277033e-02
1.455907920368176671e-02
1.388430233617683231e-02
1.664814164084933018e-02
1.428837526628360874e-02
1.602450131574095424e-02
1.870942725258460670e-02
1.948823315263281675e-02
1.800334718548521687e-02
1.848411860645283664e-02
1.876686959918320505e-02
1.899867421258613978e-02
1.969892169699840462e-02
2.005053319866147155e-02
1.850186317231277897e-02
1.855056321953854614e-02
2.215340244046597531e-02
2.219925633880277804e-02
1.831963343503963462e-02
1.767662319191066339e-02
1.285599740894817662e-02
1.268924358705011621e-02
1.266771819549299648e-02
1.257846456625225789e-02
1.296885223336582786e-02
1.262429989864741371e-02
1.375779961069467823e-02
1.179417777741692368e-02
1.312202251623281919e-02
1.096068718379930758e-02
9.840712091143380760e-03
6.304246791536998601e-03
8.898538219038678795e-03
5.811753282312708165e-03
1.017151136720953128e-02
8.068991739023277654e-03
1.243965842787518941e-02
9.417467578786999777e-03
1.041940392609031450e-02
8.340905322544131181e-03
3.959306206002463462e-03
2.636270118627307649e-03
2.692845570177137410e-03
8.945009933061589006e-04
3.532197681724789842e-03
2.965144802889953159e-03
4.983565717795086954e-03
4.058966715743585717e-03
7.452535423171637204e-03
5.903606768437421812e-03
9.037054402986731752e-03
8.780012450946379429e-03
1.000000000000000021e-02
1.000000000000000021e-02
9.559971283502093770e-03
9.828136380881855039e-03
8.430457645701459890e-03
9.350535338245665948e-03
7.536589780883583278e-03
7.547120782350772751e-03
8.419172314097438103e-03
9.307190396243130229e-03
8.347729028857867398e-03
1.011310944072148915e-02
9.593974944045614156e-03
1.367976924209357743e-02
7.136024648389367731e-03
1.204574405953207951e-02
5.702294859000221761e-03
7.418954661504655046e-03
4.565923912307183301e-03
8.876659463357663288e-03
7.842723121028266631e-03
1.152490633623141913e-02
8.528576924317163993e-03
1.300558500713705663e-02
8.762496543933604581e-03
1.410022369988813036e-02
1.087463838038746355e-02
1.442245605172791725e-02
1.217991602382576324e-02
1.393547394662449611e-02
1.291539697055504171e-02
1.450335250331521476e-02
1.394815253226891656e-02
1.460214223776066904e-02
1.881818747036942407e-02
1.944470992600082909e-02
1.841289760870137154e-02
1.905322872724320160e-02
1.927366453103173533e-02
1.954239404018889154e-02
2.023677340654037385e-02
2.030194982822849589e-02
1.941054731259761468e-02
1.919761230069648092e-02
2.346641172690474772e-02
2.319684850409117413e-02
1.708059933425029944e-02
1.650503624966550079e-02
1.162776727230253881e-02
1.067979283006652465e-02
1.234202693157726398e-02
1.132060778455327814e-02
1.198268874486117797e-02
1.043389546308789648e-02
1.267513414229037849e-02
1.052614519899412217e-02
1.464121758286890049e-02
1.172919603561131847e-02
1.058323890155266067e-02
7.668867749336374419e-03
9.711293039774738373e-03
6.905553374975158601e-03
9.525310350456154054e-03
7.142744843312997909e-03
1.159729491900404579e-02
8.554087915732403249e-03
1.116683519293312256e-02
8.403461694576333171e-03
6.850024630399558639e-03
6.303003656203638901e-03
6.063807503573524077e-03
3.946482664669528906e-03
3.109911327244128422e-03
2.954667656332777420e-03
3.704135130455311377e-03
1.935009680418934858e-03
6.576030680350499098e-03
5.138607908692849162e-03
8.393858285141147374e-03
7.851126426897231045e-03
1.000000000000000021e-02
1.000000000000000021e-02
9.686602270406959730e-03
1.002921402678591187e-02
8.877799910358915442e-03
9.770866804290585100e-03
8.741836529805660505e-03
9.455299047890606753e-03
7.737714123876293475e-03
7.871579700802971286e-03
7.205222694313615124e-03
8.957967772500378609e-03
7.710994353469211894e-03
8.451463170831950353e-03
7.392366478993995550e-03
1.152654228534780688e-02
5.443684589118767507e-03
1.041068714150230300e-02
6.658482996668631596e-03
1.014222528115697047e-02
7.945868330146996575e-03
1.025271601041134739e-02
8.058391928116274625e-03
1.224684350261674541e-02
1.176619082556767948e-02
1.528226209200465174e-02
1.299088102449121561e-02
1.485042815534639432e-02
1.163120794104051739e-02
1.287488355030023089e-02
1.182910270256334190e-02
1.242898517229497519e-02
1.312152036231755727e-02
1.346020380218652078e-02
1.906446029691396399e-02
1.944321988502144966e-02
1.757724123476619993e-02
1.809610701136448244e-02
1.919597176319998849e-02
1.938027352039375581e-02
2.025090628371552931e-02
2.024068991203449575e-02
1.975351903616641078e-02
1.959263077123953381e-02
2.347119263928642771e-02
2.319454717031398452e-02
1.580200335540114451e-02
1.531722750237433581e-02
1.088556663356404428e-02
9.989994486004464408e-03
1.229739175032993660e-02
1.080647219462443909e-02
1.171787505190388830e-02
1.008341356399860417e-02
1.259403750958878847e-02
1.087759644135317602e-02
1.244823954614505436e-02
1.084300691385067621e-02
1.258492544816736114e-02
1.066350845719680855e-02
1.288072389539955155e-02
1.041429953838996988e-02
8.921671211969416787e-03
6.670254169555083108e-03
7.559905944345367973e-03
4.944588638436103224e-03
1.146906168997538673e-02
8.572097808033146346e-03
8.772591948143870430e-03
7.244974147791244899e-03
9.621051537700849379e-03
8.364764236209683984e-03
4.726133430695823173e-03
3.917041995636780065e-03
3.438224422328478753e-03
2.151755898669032840e-03
4.650218916613399998e-03
3.272446042594999178e-03
7.398540939561910369e-03
6.806525800068935483e-03
1.000000000000000021e-02
1.000000000000000021e-02
9.704094551228481177e-03
9.977267842930480357e-03
8.715443759492158202e-03
9.632111564270956841e-03
8.325267280843550582e-03
8.596546519728607422e-03
7.631483843699311473e-03
8.819924617516870791e-03
6.244478035488404237e-03
7.232082914092762341e-03
5.939946656136562385e-03
7.160838424933289176e-03
5.308673047582149022e-03
8.969330928447235077e-03
7.095395577744378381e-03
1.085023513630156526e-02
8.475806045400047228e-03
1.174733884113710568e-02
9.673850383136157680e-03
1.249162399128171154e-02
1.065466034690245971e-02
1.345450348710161385e-02
1.153236294160285211e-02
1.361048648545412632e-02
1.280623444386098757e-02
1.358712267945127658e-02
1.180863322973365465e-02
1.247768659842745341e-02
1.143711044704560573e-02
1.193747457898623222e-02
1.206999301139342028e-02
1.241806280699184889e-02
1.605802290624217671e-02
1.652790116510710269e-02
1.713073096717691868e-02
1.741048447640597407e-02
2.008040889068627224e-02
2.009660541333532432e-02
2.171156930950260064e-02
2.159230428050653433e-02
1.735208144873457564e-02
1.724082701711825844e-02
2.125588059933683147e-02
2.080695016508848916e-02
1.423986358152586930e-02
1.356292290298631575e-02
1.054179369440012663e-02
1.007355279990523704e-02
1.198501467517938679e-02
1.018800162538482240e-02
1.138509111193875857e-02
9.968124113866484032e-03
1.099295734927839205e-02
9.493553417499450003e-03
1.177369621670310527e-02
1.055762437917386921e-02
1.370829587602967296e-02
1.171824462671774286e-02
1.330374662582413034e-02
1.073205274468328266e-02
9.239886784482155557e-03
7.023740571884560212e-03
9.058354172711509389e-03
6.821664524246347575e-03
9.731477571454871800e-03
7.265553851428894518e-03
9.571197736680652282e-03
8.290476806908655960e-03
1.028526424452739195e-02
6.242846158008661522e-03
4.208789669568393024e-03
4.092623830479193321e-03
2.742718300424883213e-03
6.339951703340300200e-04
4.826134480302091655e-03
4.255167084968602270e-03
7.804090196288052290e-03
7.188506195846935780e-03
9.997275374737765036e-03
9.905429378189500866e-03
9.747790230374201587e-03
9.918194881492675696e-03
8.403078730959606668e-03
9.634449633042774241e-03
8.040499569864304613e-03
9.345723607994516069e-03
8.492962984027440862e-03
9.930940618514997112e-03
5.196012259046894032e-03
8.607551892144890693e-03
4.585949393076703753e-03
6.846318675034534888e-03
9.599477670643542793e-03
1.186890630366927574e-02
1.079329342664885234e-02
1.254849587499477781e-02
1.133452844668533799e-02
1.454858715012508248e-02
1.052008809019378856e-02
1.258336355731570246e-02
1.088498593724022794e-02
1.216207552306264317e-02
1.178475983277346879e-02
1.271393522721028270e-02
1.195570378483915529e-02
1.281356810821629444e-02
1.167881561787218261e-02
1.239759059810152143e-02
1.122191662755116053e-02
1.175969918669040118e-02
1.148713183652964875e-02
1.190108584978170729e-02
1.486896111408584839e-02
1.513040132914108410e-02
1.570379987972347208e-02
1.579874967784179740e-02
2.033476438458103538e-02
2.043253075241452041e-02
2.106686053536897807e-02
2.127211106774247809e-02
1.714573173976317866e-02
1.662794772643008331e-02
2.014574889465665236e-02
1.967357423877138384e-02
1.360645574798530384e-02
1.257372121101637402e-02
9.167664226905649499e-03
8.115880447362200031e-03
1.140631832347697820e-02
9.090121845960214692e-03
1.107749592271217894e-02
8.765091150154294408e-03
8.755725521933677494e-03
7.871987075622918079e-03
1.200342760366589732e-02
1.031934181308931907e-02
1.249521216647971750e-02
1.053655691779542894e-02
1.476110001378983655e-02
1.138069331476799194e-02
1.078929204476290239e-02
9.599035639695639027e-03
9.720231678573157050e-03
7.461740678619026117e-03
8.413313774173760209e-03
5.817605092837681117e-03
5.221520816392506009e-03
3.775440224128765159e-03
8.169634367989359741e-03
4.432282711211500345e-03
8.765846771893572378e-04
-2.029307154433106219e-03
-6.880178480266259953e-04
-4.182220615750945406e-03
5.292930032558849224e-03
4.002938906370037339e-03
6.873132228648251053e-03
6.160995009933500910e-03
9.865538630062420725e-03
9.763675999388873178e-03
9.438756024126389657e-03
9.629844978142091880e-03
8.009141519935088910e-03
9.402909085768408962e-03
7.590182658185821822e-03
9.464575103917757457e-03
5.933971514090480813e-03
9.015687216067257495e-03
9.244630092250651771e-03
1.072177116403335607e-02
9.954892884306711098e-03
1.167265111560215549e-02
1.002296813242106732e-02
1.188115363317217982e-02
1.220981016659854895e-02
1.580937227843899270e-02
1.168147591419620331e-02
1.349432925107466388e-02
1.137332843862093844e-02
1.302414839355952106e-02
1.051982067409637164e-02
1.174004438188592028e-02
1.117048291774777602e-02
1.201694126863125586e-02
1.183086920978743996e-02
1.243583278100433148e-02
1.093580543277109483e-02
1.138617564372920374e-02
1.093200715537561221e-02
1.132770906216232221e-02
1.158632588941965920e-02
1.175831574322186261e-02
1.542381347251135272e-02
1.542739869402933242e-02
1.538961413484061375e-02
1.553122013638468836e-02
2.062249407231514509e-02
2.071480339592881789e-02
2.137068120929688439e-02
2.121178285380324879e-02
1.638893388584818436e-02
1.580088692489933083e-02
1.887048118201765587e-02
1.847166914104385327e-02
1.269268874889094116e-02
1.178857141805287820e-02
1.047253419113352603e-02
9.459937386259336875e-03
9.278435261009517626e-03
7.953906428142028945e-03
1.025197197049504579e-02
8.064587460473454303e-03
8.311935932399096630e-03
6.697008112715667483e-03
8.862922278288535086e-03
6.705978909084480896e-03
9.154322003378515676e-03
7.594042470675770561e-03
1.290626824383626914e-02
1.033683782398034899e-02
1.289118874143262324e-02
8.958831758849681443e-03
1.091550782976694230e-02
9.329506645817461571e-03
1.004598035850252230e-02
6.977280904850416583e-03
6.934460540723563944e-03
3.677256375720467600e-03
7.988554596996415985e-03
2.704685717005010561e-03
5.504380016455803423e-03
3.356833141676764977e-03
5.124688280553668478e-03
4.362074612211571008e-03
4.192415634479621303e-03
3.412512798326483836e-03
7.132978464585110721e-03
6.942285144967089844e-03
9.337452928297469701e-03
9.166175509562422136e-03
8.011434434284776113e-03
8.569495892859232619e-03
7.915396873400006722e-03
8.406233879404470186e-03
6.742479264216910510e-03
9.735044652902624315e-03
7.357330666812226562e-03
9.707531411653621059e-03
8.064696784674160387e-03
9.634395408924597767e-03
9.289185315240852669e-03
1.228969347043961692e-02
9.997214671063981220e-03
1.384825586095972220e-02
1.143795652240367500e-02
1.345713616726283701e-02
1.275500710037463271e-02
1.435620780197252415e-02
1.108417871129018656e-02
1.352475116202239355e-02
1.098759190024438739e-02
1.209972460308321104e-02
1.131676728576475055e-02
1.218545246158856017e-02
1.137070772500352496e-02
1.223098704302137685e-02
1.033243903164004183e-02
1.049177244357715755e-02
1.056810153836444492e-02
1.073331251772683195e-02
1.169556525277974830e-02
1.184466303901327358e-02
1.517576026661260347e-02
1.521969422020687766e-02
1.552920809954918581e-02
1.564455905330803739e-02
1.987644212328793999e-02
1.984381373192672590e-02
1.978574664659195001e-02
1.961711520304077611e-02
1.527660060483957902e-02
1.497253966168878535e-02
1.773936007502514151e-02
1.652649468329560681e-02
1.357033483884833268e-02
1.137514696636204338e-02
9.757585063562316044e-03
8.071661562753303099e-03
1.051364950191364944e-02
9.135900506018984277e-03
9.673883689945445702e-03
8.893800236125529168e-03
1.025610541608411828e-02
6.807839832556631700e-03
9.229534249849721816e-03
4.924789912033442421e-03
8.037971065228672815e-03
4.908461449753952210e-03
1.185617798896362526e-02
9.017440241218584868e-03
1.239076258605149514e-02
9.708244062522885728e-03
1.150834203660992990e-02
9.159271804044773549e-03
8.378875711692743838e-03
7.155045785655045863e-03
6.083635246927086848e-03
3.393543062453639216e-03
1.053543143075541533e-02
8.133309444263036106e-03
6.686710211092465779e-03
6.329419553586369644e-03
7.104222713600756925e-03
6.187110163600686823e-03
5.333623869275583816e-03
4.268024227968984438e-03
4.930885578677450878e-03
3.948662550747415907e-03
9.028289650854868370e-03
9.150622464863615232e-03
7.181738376738531007e-03
9.085186454123735447e-03
7.243971098942701345e-03
1.042324434990137341e-02
9.191857181537319357e-03
9.695966988241107309e-03
1.111030047847794307e-02
1.328566557881919602e-02
8.399431235249684921e-03
9.907939645735627451e-03
7.166336528840234338e-03
1.003109902123018073e-02
7.782534000662691930e-03
1.060520040969512370e-02
1.163471312102275397e-02
1.423381791262526459e-02
1.284553144242513677e-02
1.583187318289983742e-02
1.391787039356178791e-02
1.716945677812978591e-02
1.239997354132593189e-02
1.463655249119134340e-02
1.124871479397997025e-02
1.243067476447329983e-02
1.110789696413798724e-02
1.185868896884717007e-02
1.043580077666965422e-02
1.049872601846128621e-02
1.018928626355455024e-02
1.023234333333307260e-02
1.159686292434920774e-02
1.169530286138790488e-02
1.510510764154825679e-02
1.533628050206142096e-02
1.673586410027604401e-02
1.666267448999581360e-02
1.682084536505602454e-02
1.675777207244557795e-02
1.733001985220298732e-02
1.710797628024187875e-02
1.625417256777272890e-02
1.558083782079971655e-02
1.915678294282692831e-02
1.804426100501644800e-02
1.639746472382535777e-02
1.399489707324867716e-02
1.098346740465154167e-02
9.037296929928906666e-03
9.188119412794175378e-03
8.988066476891234252e-03
1.046024533787721575e-02
8.537066944994557705e-03
9.241502517860381710e-03
6.894286823189939295e-03
1.182292349001885096e-02
8.536567411550762333e-03
1.072430345303523533e-02
6.973066339625873418e-03
7.120957198031613485e-03
4.117733697722868354e-03
1.037304237206733426e-02
6.887668794377460081e-03
1.037817706719026435e-02
7.505506858278137260e-03
5.116769840680635527e-03
3.980491486937313451e-03
4.827024469067606009e-03
2.983456866665810080e-03
1.141655978076845310e-02
8.843264570811280173e-03
5.481284684789654998e-03
4.427788332395395272e-03
5.914416777536114084e-03
4.740237322599440660e-03
4.505795102763221482e-03
3.775805808114538961e-03
4.699446898665048979e-03
3.749555801304654042e-03
8.668680682536242590e-03
9.244282956047955579e-03
7.391558324555014270e-03
9.540017351948735375e-03
8.366186860601254605e-03
9.606296244930949066e-03
9.347359277353015083e-03
1.020679374800007033e-02
8.047351999947612022e-03
1.040300190957350532e-02
9.504332217377172570e-03
1.313007316880212931e-02
6.402887947991953502e-03
9.838025035203690899e-03
5.838994237529514415e-03
1.038300138962288711e-02
1.169333974606470705e-02
1.541953331468006415e-02
1.228736393103393131e-02
1.491576555605438753e-02
1.342245912178826120e-02
1.579163922936859671e-02
1.303294210065314082e-02
1.477372441263999706e-02
1.145639760459435559e-02
1.248550840258868741e-02
1.129310005420650596e-02
1.156903582001560411e-02
1.033119858841422337e-02
1.038781321205400031e-02
1.011245386814443870e-02
1.014185241272063179e-02
1.157610700297314298e-02
1.162579087212324905e-02
1.653204472630106711e-02
1.647358287657738063e-02
1.476504290689044201e-02
1.470983853325269139e-02
1.772420243794239902e-02
1.767574501246384905e-02
1.743708932216421481e-02
1.734891598801600529e-02
1.778461312082414356e-02
1.761611430940021247e-02
2.191557738910379985e-02
2.070240130521478275e-02
1.734295806698400028e-02
1.617962970776290477e-02
1.138381523666968931e-02
9.359168115169949273e-03
9.281277855741957433e-03
5.744264017988236562e-03
9.415886716353186886e-03
6.460813231715023183e-03
1.222585329874506521e-02
9.165399084199839230e-03
1.416651898729123955e-02
1.225531818999579629e-02
1.102574720662074376e-02
9.194740818347086134e-03
8.892138755311761872e-03
6.345915611569365178e-03
9.024327552205495262e-03
4.938706921236018198e-03
8.266642960413813843e-03
5.407014186937215625e-03
8.081808101236881078e-03
6.708809748814515209e-03
7.419213869557539712e-03
5.895397218193454761e-03
8.756000542384973634e-03
8.073844037577406624e-03
4.991616947153560378e-03
3.614200100341007343e-03
2.953551831844653062e-03
1.363777804587450963e-03
4.315271885735007772e-03
4.299414309386127495e-03
6.632299127746779654e-03
6.249619355796871660e-03
1.040240704176965437e-02
1.081912655498126589e-02
9.399347873259300545e-03
1.107865028348389326e-02
7.559643041904912271e-03
8.390800743683170942e-03
6.064324219315781958e-03
7.101047063023864861e-03
6.259934730342649190e-03
9.449409599697549192e-03
8.610569915540180336e-03
1.051401040073936428e-02
1.050977003730384218e-02
1.439394518607337026e-02
1.080670625198714742e-02
1.423511834213712218e-02
1.055259473570735983e-02
1.346704276310546622e-02
1.208139621661124229e-02
1.413862532022062968e-02
1.242831290926815074e-02
1.414470291819706384e-02
1.189256029511708695e-02
1.301508582206215361e-02
1.121456942590648952e-02
1.181215773918966282e-02
1.100059036435816796e-02
1.096042015597357977e-02
1.015718931168074074e-02
1.019585243152192414e-02
1.003140424850929198e-02
1.004328060181993061e-02
1.132630284626469364e-02
1.132599320382961412e-02
1.472541828293042268e-02
1.466768414849279820e-02
1.529317139287162536e-02
1.530167276672234587e-02
1.822172610084140873e-02
1.810102535570117660e-02
1.880442836310218524e-02
1.859456232680855095e-02
1.804951506623503690e-02
1.778333428370860309e-02
2.286187928488221666e-02
2.136904964922480693e-02
1.748559378394290778e-02
1.614858649518544423e-02
1.170460945090353103e-02
9.278060529948718022e-03
1.122247081577147643e-02
8.009142211188065644e-03
1.003720310151405906e-02
7.477308072725387562e-03
1.410142510622768193e-02
1.176577122680753928e-02
1.532496908184163842e-02
1.267861430126449897e-02
1.075040998049743221e-02
8.887020633200128431e-03
1.066666895348059550e-02
8.503018166555654025e-03
1.152729761600704804e-02
7.122903774837340864e-03
7.020306152117823141e-03
4.884816036677175344e-03
3.205306748707818613e-03
1.551365948337719847e-03
1.803493213177318876e-03
5.103220906321428605e-04
4.437245660630783836e-03
3.015079154469392942e-03
9.325873875111082923e-04
-1.682410820138694439e-03
1.001200144655392532e-03
-1.612767985895518195e-03
1.261738032204132685e-03
3.356636281047564534e-04
3.395927183252618782e-03
3.261821260350473203e-03
1.007666092332691263e-02
1.000952726684696710e-02
9.265292268672566459e-03
9.413311111041981760e-03
8.121041030303994407e-03
9.473742716671012740e-03
5.529627649195674281e-03
7.867558549064851067e-03
8.503270998126017874e-03
9.644800965707819515e-03
1.079928530787202523e-02
1.293239864975812004e-02
1.116283734213327321e-02
1.394262402916799336e-02
1.286493434363098973e-02
1.624541462922988316e-02
1.237433010656811480e-02
1.469622592216222184e-02
1.176532092541515868e-02
1.387877559448813351e-02
1.220126071700230845e-02
1.389015850033364745e-02
1.134205530420276560e-02
1.179304741816574256e-02
1.081455888624734997e-02
1.087076630959613911e-02
1.040676900142204278e-02
1.047917354728310213e-02
1.010999635612163175e-02
1.014812505244376550e-02
1.000019195647292719e-02
1.000019214335235405e-02
1.072882634966073299e-02
1.072498118197424792e-02
1.582527319341526725e-02
1.581227824579556698e-02
1.580387111161158514e-02
1.577524798870750047e-02
2.134423039311091064e-02
2.128888393446280378e-02
2.386918096018449467e-02
2.374552045165272476e-02
1.943329197708969919e-02
1.913966804476361500e-02
2.315672879471821627e-02
2.321004806054854583e-02
1.796750897548460638e-02
1.592192191534795229e-02
1.192967230969358902e-02
1.104672255161957134e-02
1.381096979481238364e-02
1.253304096386839012e-02
1.463741745865923365e-02
1.261344125068247432e-02
1.266034638380289859e-02
1.042852560480064111e-02
1.354421125497671380e-02
1.018597371934132877e-02
1.185560803136483619e-02
7.082773860524573147e-03
1.050235907984225017e-02
8.206946108885648447e-03
1.235289148138665229e-02
1.019363177858451097e-02
1.015135525789165674e-02
9.270093999067001087e-03
5.714031421897709101e-03
3.017276967053555015e-03
2.443684620663398935e-03
1.412567473645786481e-04
3.463408829660800849e-03
1.639879946460823896e-03
3.284268121372274987e-03
2.256570954159843427e-04
6.110143112939746268e-03
4.101243245843127182e-03
4.722900554641271641e-03
3.630720159046323461e-03
4.397626732279709925e-03
4.783889394683707962e-03
8.722840572357884112e-03
9.353115501142815133e-03
8.265276537205028945e-03
8.729206219860084770e-03
7.384570787901492336e-03
9.426425376222340169e-03
5.887513376445762184e-03
7.903526813192824838e-03
6.149671011788114539e-03
7.146406605523685125e-03
1.016192595578152558e-02
1.239622421715421731e-02
1.107203021495643293e-02
1.266540167767808873e-02
9.926315403584710581e-03
1.244507287518769635e-02
1.046975356412560565e-02
1.258761295553083477e-02
1.071979950766009659e-02
1.186991743921166423e-02
1.131029904767549485e-02
1.167720206364206322e-02
1.097305251495268169e-02
1.113545969280876381e-02
1.048420525802382097e-02
1.046579005686830606e-02
1.015384670102397087e-02
1.019354495861250418e-02
1.000006420848696155e-02
1.000006422476986019e-02
1.000100435764997298e-02
1.000100475638180005e-02
1.094086999350846537e-02
1.094158473767874520e-02
1.680622884883168841e-02
1.688398260272648554e-02
1.672773785984878539e-02
1.671576852776214539e-02
2.288997224255095650e-02
2.301382680457432842e-02
2.875834746175157455e-02
2.866958149086027557e-02
2.024627597481311672e-02
2.018511762116164884e-02
2.471286715724888700e-02
2.497200722701060568e-02
1.687007064127764300e-02
1.704187882291373010e-02
1.394856630597699799e-02
1.263860673340849207e-02
1.581758454865318450e-02
1.382161883657214048e-02
1.639781906252589169e-02
1.392777983754449680e-02
1.554315332409076690e-02
1.166340748216375227e-02
1.493908662207469283e-02
9.888704687240066835e-03
9.366174887070413332e-03
8.091420838190093931e-03
8.263298028893044725e-03
6.344097238291813295e-03
8.949211557754464461e-03
8.126853747991638968e-03
1.255285607901942060e-02
1.133071531352142572e-02
9.463908722878656282e-03
8.409875279994691311e-03
3.569282966173978940e-03
1.956369584462761078e-03
3.006822552287551770e-03
1.903030529460396532e-03
2.796749333124371253e-03
2.721562291611908085e-03
6.659568180578919264e-03
4.445829159777488215e-03
7.311294033054548114e-03
7.498295356674382177e-03
6.319503229721694544e-03
6.240438684984766018e-03
9.090664264256495194e-03
9.975890978939480971e-03
9.926442566079336782e-03
1.004077196717192283e-02
9.243511493903535520e-03
1.110092889570537394e-02
5.989849037945338926e-03
9.240737093784211903e-03
6.851535441771357954e-03
8.348208142939564022e-03
7.706510459557633017e-03
8.626910393888648915e-03
7.602514420245901766e-03
9.038370788990826230e-03
8.660252863673693555e-03
1.013428531770282220e-02
9.696431400892862457e-03
9.992482267593274375e-03
1.023347095126138362e-02
1.058157719598055990e-02
1.062221375525380408e-02
1.067196079827885738e-02
1.023023225500438102e-02
1.028614037256061521e-02
1.007237941182388338e-02
1.009782924328899746e-02
1.000000000000000021e-02
1.000000000000000021e-02
1.000009770796667780e-02
1.000009775491055193e-02
1.000721286709022745e-02
1.000721512144599722e-02
1.156726292477088490e-02
1.155717417024452673e-02
1.693702826851743032e-02
1.693023151460817943e-02
2.088330770208435272e-02
2.086558783198671010e-02
2.121639292607017252e-02
2.115157575431389145e-02
2.697039376245411943e-02
2.724396450149584731e-02
2.349659852025434703e-02
2.347871328139273378e-02
2.502094323099546963e-02
2.513697262259749141e-02
1.827694529543423888e-02
1.755857625865285890e-02
1.346421222725053060e-02
1.353200259301835795e-02
1.627532471325996918e-02
1.476229820057175374e-02
1.692614786954102155e-02
1.557508256950560117e-02
1.550564383195295916e-02
1.496087873742702606e-02
1.526240008265951874e-02
1.042356411424432035e-02
1.103917949179365927e-02
8.589205224874059408e-03
8.314230431484419953e-03
7.501470049413662064e-03
9.256563186569331803e-03
5.818994065197413516e-03
1.203471536292776041e-02
9.599411772246451216e-03
8.065977295420675985e-03
7.270703410094065365e-03
5.975048402425455971e-03
5.254932726828134490e-03
1.929032439420577194e-03
9.665768145252069633e-04
2.460569297497075045e-05
-3.911210738656817711e-04
2.230677091227138177e-03
2.286540958302346431e-03
4.256896185612898779e-03
3.975694225715692767e-03
5.482028658548297392e-03
4.857596148547134278e-03
9.392405057879275529e-03
9.616949396395322452e-03
7.723168716940473008e-03
9.046690919670374170e-03
7.143488284333979893e-03
8.257797320411413428e-03
9.649124324638314737e-03
1.194165850441476079e-02
7.535549205285183710e-03
9.799480451793863775e-03
5.308404967812066673e-03
6.735575531170536097e-03
5.994153405715113743e-03
7.383565726930585091e-03
7.468022612290057573e-03
9.063458454018498076e-03
8.434399233219412942e-03
1.011343554485657180e-02
9.696039945726419099e-03
1.009863983412948203e-02
1.068877067848044392e-02
1.086340311310088347e-02
1.011583977567285728e-02
1.006721402941465789e-02
1.009063345479076917e-02
1.011626821470613773e-02
1.000000000000000021e-02
1.000000000000000021e-02
1.000048551680282095e-02
1.000048582639563588e-02
1.004545100931308541e-02
1.004546032807998070e-02
1.297587216742612966e-02
1.297554852684978076e-02
2.048923164334835387e-02
2.045011221072696658e-02
1.977858013958130531e-02
1.980566663829200907e-02
2.159664559206439863e-02
2.157963202147891377e-02
2.210563185340813988e-02
2.208172051633748578e-02
2.478870281251200139e-02
2.487890698663346861e-02
3.181959787066217932e-02
3.204908476001108730e-02
2.158562886655144078e-02
2.145688534165668057e-02
1.239212979525281151e-02
1.229255506951391561e-02
1.466903598150522819e-02
1.366248940816618476e-02
1.594158052544295337e-02
1.402875329257208606e-02
1.432007682683846157e-02
1.333459476344559490e-02
1.348032394668600975e-02
1.253483108950796676e-02
1.337748831677344243e-02
1.200303002945957327e-02
1.246700883223053960e-02
1.006343811235973010e-02
1.066166711074799031e-02
8.868881301399105660e-03
8.679716856427288976e-03
8.224694500497554267e-03
7.197719102356293572e-03
6.178684263092378871e-03
6.111367091768562729e-03
5.292020439588470369e-03
3.296978683695585277e-03
1.893452747652999736e-03
2.388611836893689885e-03
1.220386982827954608e-03
3.464996653738866995e-03
2.661770042437722975e-03
4.210695608455387179e-03
3.905639762558555609e-03
5.534426831928721500e-03
4.609780300737543329e-03
9.578163221785907996e-03
9.744993323050839956e-03
6.620504767634865541e-03
9.269589928693667061e-03
8.190728143511880749e-03
9.669850584188437875e-03
9.658714873904227297e-03
1.211636667485464780e-02
9.824462878163332802e-03
1.211981068745643028e-02
7.623746554494171754e-03
9.343883021834656355e-03
5.822707536266968215e-03
6.045212553074053030e-03
7.834745690739759391e-03
9.301352682654844689e-03
8.492299861305247638e-03
8.845336777058109348e-03
9.414952473362693530e-03
9.907258960779140658e-03
1.036776074207109051e-02
1.047166822767495002e-02
1.023064097629013645e-02
1.027764194885075894e-02
1.030992271299597911e-02
1.037949000481622544e-02
1.005532903926194786e-02
1.006590394236115717e-02
1.000354117880300313e-02
1.000354343600167242e-02
1.007732278886559751e-02
1.007587921425312505e-02
1.312981204816498527e-02
1.314041245353995621e-02
2.200116884506770135e-02
2.198624974524537520e-02
2.160198284890273157e-02
2.161548695097923606e-02
2.219620026773744606e-02
2.225151428249121793e-02
2.267340490503361866e-02
2.265635828912036451e-02
2.424774874828946464e-02
2.425627321534188502e-02
3.204892137250979489e-02
3.224794337162367741e-02
2.078672780893528818e-02
2.072280923289646429e-02
1.149317824769141745e-02
1.114768095819470423e-02
1.318611775320999158e-02
1.229542741358925426e-02
1.314405483930752502e-02
1.277337965246715633e-02
1.258130562998586652e-02
1.198412695478848905e-02
1.284707729495623146e-02
1.184162866474833438e-02
1.483577777229466363e-02
1.332558893609288829e-02
1.450667718887460947e-02
1.298742400521388576e-02
1.209572313177971828e-02
1.136373517652573308e-02
1.034179183101391689e-02
8.792713803786366203e-03
4.662964825698747567e-03
4.611971153657546188e-03
5.761470472491145474e-03
4.574388521857661663e-03
4.396254084374408115e-03
3.651818272795594091e-03
4.120507516806172325e-03
2.433571799817919618e-03
5.070078356881006949e-03
4.058603642095058583e-03
5.939415060395224384e-03
5.694358019476573191e-03
7.509307561320833352e-03
7.165642538842162575e-03
6.991701414258657231e-03
7.767803717642294756e-03
6.796072462072264356e-03
8.278282500343495456e-03
9.165555442822014010e-03
9.707971498505506974e-03
9.932852987009509541e-03
1.101976331377225136e-02
8.639668886678074367e-03
1.014700847426462139e-02
8.481425005574668233e-03
9.642924483393476923e-03
7.175266691282601063e-03
8.764576643964695421e-03
8.022370651220363247e-03
1.094364318841152019e-02
7.374625383053224660e-03
8.687256766646096404e-03
9.384255047134438046e-03
9.524670092490243600e-03
9.968733477952599828e-03
1.000819935063540500e-02
1.026130354349043781e-02
1.031405681895069919e-02
1.070871504759007657e-02
1.085467239535166731e-02
1.017665737304491308e-02
1.021215097192877674e-02
1.001378101298632146e-02
1.001383303716221057e-02
1.002064695660375739e-02
1.002820827152890205e-02
1.275497825754587540e-02
1.273407471831218205e-02
2.023001606734933788e-02
2.023295943986442788e-02
2.127782642990374076e-02
2.128770836477831760e-02
2.534249506624690687e-02
2.532300159637501658e-02
2.530905656324972802e-02
2.537941171237702992e-02
2.394855135023468001e-02
2.396654472130841165e-02
2.831161831587328259e-02
2.831368001125279810e-02
1.595172970010258484e-02
1.593413135860485483e-02
1.049968078255992393e-02
1.047324041816691080e-02
1.068531062942171782e-02
1.052681339575257426e-02
1.089800840914867917e-02
1.072711135098894722e-02
1.111505183526310253e-02
1.147523662001039002e-02
1.311002403075716555e-02
1.202059913664466073e-02
1.394588621358307766e-02
1.265760885869584781e-02
1.460942094811387010e-02
1.352847881604175677e-02
1.327294207025687262e-02
1.108537792913114224e-02
8.182579970939797900e-03
7.401940872748962591e-03
4.611384425491239086e-03
1.726798486171123199e-03
4.605311954782719853e-03
3.422787287772713696e-03
5.010393171579639524e-03
4.550591832490372309e-03
6.901650877233842483e-03
4.866901091352964989e-03
7.289083010467023969e-03
6.350631324186359859e-03
7.815531486962930610e-03
7.751301863858387972e-03
9.642768587415261744e-03
9.655828594246828808e-03
9.798933062619351667e-03
1.099825675845661661e-02
1.009243694496930396e-02
1.119441932984715886e-02
8.035815826036015602e-03
8.827197633133268204e-03
7.844532482986901756e-03
9.591339319305690336e-03
6.557839513731318105e-03
7.475466270330259969e-03
5.470185257077990644e-03
8.110967266017990798e-03
8.004680852301746669e-03
9.864197288063326560e-03
1.080627270754034620e-02
1.198881130156976248e-02
8.287230958862737071e-03
9.691210632221588031e-03
8.883826756391599577e-03
9.064689330013548513e-03
9.517935014244138792e-03
9.582550524415301557e-03
1.012768388601195842e-02
1.015478398113289597e-02
1.066165246520021925e-02
1.079804512517211490e-02
1.050147966513468797e-02
1.060214532546552464e-02
1.007627712361277260e-02
1.007872303391075045e-02
1.019127376393598981e-02
1.020131053474327559e-02
1.302650652022292570e-02
1.305514944642459374e-02
1.855463621275617314e-02
1.857567281769896550e-02
1.856905481939925828e-02
1.862024480224155204e-02
2.769928303024823957e-02
2.767174430834372367e-02
2.797196268949139059e-02
2.793080396328063639e-02
2.226468759141709414e-02
2.232023412727603823e-02
2.585646655809436742e-02
2.585736163808749141e-02
1.366355418316094091e-02
1.366705659959196323e-02
1.000000000000000021e-02
1.000000000000000021e-02
1.051549357782701963e-02
1.036151076197729982e-02
1.081128947906541231e-02
1.070522122308624480e-02
1.132861455587169837e-02
1.080438229838782786e-02
1.239561343717657770e-02
1.207162848782196776e-02
1.286015895805950500e-02
1.239861525619727345e-02
1.245473606794100102e-02
1.239622255783496760e-02
1.251517855184103127e-02
1.144554725026452474e-02
9.072915359385626266e-03
9.232390330123929970e-03
6.881968561024980405e-03
6.744686043395393786e-03
8.177048451664383974e-03
7.608595752691935804e-03
9.859593117919611405e-03
8.456020111580708071e-03
1.066644134598611522e-02
9.510637880593109453e-03
9.872123820541027495e-03
9.414002094886662203e-03
9.958860986107926153e-03
9.809872553371288759e-03
1.056416030035807994e-02
1.064000588846948474e-02
1.027016593669743440e-02
1.124494052514696772e-02
1.011980359192984208e-02
1.107196816741398172e-02
7.926086990954785833e-03
9.186872695087970261e-03
4.405508415819573906e-03
5.540769964651424788e-03
4.634666933556860248e-03
5.816854099366826174e-03
5.005417840655804369e-03
6.286937493352661062e-03
8.168862909568336272e-03
1.022425329978253819e-02
9.671004461217257500e-03
1.093572626152867176e-02
1.054746291230533421e-02
1.096450878538156488e-02
9.165207161444066317e-03
9.316288969105360890e-03
9.605421073729848019e-03
9.674163103335655517e-03
1.014538253235457328e-02
1.020590417164563002e-02
1.029380668174591576e-02
1.035481505733710887e-02
1.036077673998682391e-02
1.043052572160903767e-02
1.014907772857760737e-02
1.018031478360801115e-02
1.031763419038565256e-02
1.032648384625179869e-02
1.193660335907322997e-02
1.193870647751286637e-02
1.590264848509619772e-02
1.590118975171121371e-02
1.542802587772267205e-02
1.549035212489262119e-02
2.369524992435123947e-02
2.366603472595583957e-02
2.585878522444127678e-02
2.583902997044891167e-02
1.636511567297033870e-02
1.641323308685870008e-02
1.716636484215664643e-02
1.716890923981004985e-02
1.164942687619098007e-02
1.165020826870525640e-02
1.000000000000000021e-02
1.000000000000000021e-02
1.000000000000000021e-02
1.000000000000000021e-02
1.011724458750044159e-02
1.010887136925043422e-02
1.059679985403470456e-02
1.035486853657779406e-02
1.127547176104115763e-02
1.175184743457411730e-02
1.223652009238502571e-02
1.142835123634792019e-02
1.075500473550859530e-02
1.047151356730827501e-02
1.054755457728304494e-02
1.039812554552712633e-02
1.134852230775630633e-02
1.095687576327141095e-02
1.093998112507918105e-02
9.302138557559179108e-03
1.104077332244343679e-02
9.984067431035064527e-03
1.242134553460489017e-02
1.070540164967746441e-02
1.006576954640924990e-02
9.380080298004292091e-03
1.007136474966306011e-02
1.006185470955414316e-02
1.057309608510968897e-02
1.061711502588432929e-02
1.063781603249758928e-02
1.059018206841619292e-02
